2 (3159)
2 23 (2295)
2 23 34 (2295)
2 23 34 36 (2199)
2 23 34 36 39 (2199)
2 23 34 36 39 59 (2199)
2 23 34 36 39 59 63 (2007)
2 23 34 36 39 59 63 85 (2007)
2 23 34 36 39 59 63 85 86 (2007)
2 23 34 36 39 59 63 85 86 90 (2007)
2 23 34 36 39 59 63 85 86 90 93 (2007)
2 23 34 36 39 59 63 85 86 93 (2007)
2 23 34 36 39 59 63 85 90 (2007)
2 23 34 36 39 59 63 85 90 93 (2007)
2 23 34 36 39 59 63 85 93 (2007)
2 23 34 36 39 59 63 86 (2007)
2 23 34 36 39 59 63 86 90 (2007)
2 23 34 36 39 59 63 86 90 93 (2007)
2 23 34 36 39 59 63 86 93 (2007)
2 23 34 36 39 59 63 90 (2007)
2 23 34 36 39 59 63 90 93 (2007)
2 23 34 36 39 59 63 93 (2007)
2 23 34 36 39 59 85 (2199)
2 23 34 36 39 59 85 86 (2199)
2 23 34 36 39 59 85 86 90 (2199)
2 23 34 36 39 59 85 86 90 93 (2199)
2 23 34 36 39 59 85 86 93 (2199)
2 23 34 36 39 59 85 90 (2199)
2 23 34 36 39 59 85 90 93 (2199)
2 23 34 36 39 59 85 93 (2199)
2 23 34 36 39 59 86 (2199)
2 23 34 36 39 59 86 90 (2199)
2 23 34 36 39 59 86 90 93 (2199)
2 23 34 36 39 59 86 93 (2199)
2 23 34 36 39 59 90 (2199)
2 23 34 36 39 59 90 93 (2199)
2 23 34 36 39 59 93 (2199)
2 23 34 36 39 63 (2007)
2 23 34 36 39 63 85 (2007)
2 23 34 36 39 63 85 86 (2007)
2 23 34 36 39 63 85 86 90 (2007)
2 23 34 36 39 63 85 86 90 93 (2007)
2 23 34 36 39 63 85 86 93 (2007)
2 23 34 36 39 63 85 90 (2007)
2 23 34 36 39 63 85 90 93 (2007)
2 23 34 36 39 63 85 93 (2007)
2 23 34 36 39 63 86 (2007)
2 23 34 36 39 63 86 90 (2007)
2 23 34 36 39 63 86 90 93 (2007)
2 23 34 36 39 63 86 93 (2007)
2 23 34 36 39 63 90 (2007)
2 23 34 36 39 63 90 93 (2007)
2 23 34 36 39 63 93 (2007)
2 23 34 36 39 85 (2199)
2 23 34 36 39 85 86 (2199)
2 23 34 36 39 85 86 90 (2199)
2 23 34 36 39 85 86 90 93 (2199)
2 23 34 36 39 85 86 93 (2199)
2 23 34 36 39 85 90 (2199)
2 23 34 36 39 85 90 93 (2199)
2 23 34 36 39 85 93 (2199)
2 23 34 36 39 86 (2199)
2 23 34 36 39 86 90 (2199)
2 23 34 36 39 86 90 93 (2199)
2 23 34 36 39 86 93 (2199)
2 23 34 36 39 90 (2199)
2 23 34 36 39 90 93 (2199)
2 23 34 36 39 93 (2199)
2 23 34 36 59 (2199)
2 23 34 36 59 63 (2007)
2 23 34 36 59 63 85 (2007)
2 23 34 36 59 63 85 86 (2007)
2 23 34 36 59 63 85 86 90 (2007)
2 23 34 36 59 63 85 86 90 93 (2007)
2 23 34 36 59 63 85 86 93 (2007)
2 23 34 36 59 63 85 90 (2007)
2 23 34 36 59 63 85 90 93 (2007)
2 23 34 36 59 63 85 93 (2007)
2 23 34 36 59 63 86 (2007)
2 23 34 36 59 63 86 90 (2007)
2 23 34 36 59 63 86 90 93 (2007)
2 23 34 36 59 63 86 93 (2007)
2 23 34 36 59 63 90 (2007)
2 23 34 36 59 63 90 93 (2007)
2 23 34 36 59 63 93 (2007)
2 23 34 36 59 85 (2199)
2 23 34 36 59 85 86 (2199)
2 23 34 36 59 85 86 90 (2199)
2 23 34 36 59 85 86 90 93 (2199)
2 23 34 36 59 85 86 93 (2199)
2 23 34 36 59 85 90 (2199)
2 23 34 36 59 85 90 93 (2199)
2 23 34 36 59 85 93 (2199)
2 23 34 36 59 86 (2199)
2 23 34 36 59 86 90 (2199)
2 23 34 36 59 86 90 93 (2199)
2 23 34 36 59 86 93 (2199)
2 23 34 36 59 90 (2199)
2 23 34 36 59 90 93 (2199)
2 23 34 36 59 93 (2199)
2 23 34 36 63 (2007)
2 23 34 36 63 85 (2007)
2 23 34 36 63 85 86 (2007)
2 23 34 36 63 85 86 90 (2007)
2 23 34 36 63 85 86 90 93 (2007)
2 23 34 36 63 85 86 93 (2007)
2 23 34 36 63 85 90 (2007)
2 23 34 36 63 85 90 93 (2007)
2 23 34 36 63 85 93 (2007)
2 23 34 36 63 86 (2007)
2 23 34 36 63 86 90 (2007)
2 23 34 36 63 86 90 93 (2007)
2 23 34 36 63 86 93 (2007)
2 23 34 36 63 90 (2007)
2 23 34 36 63 90 93 (2007)
2 23 34 36 63 93 (2007)
2 23 34 36 85 (2199)
2 23 34 36 85 86 (2199)
2 23 34 36 85 86 90 (2199)
2 23 34 36 85 86 90 93 (2199)
2 23 34 36 85 86 93 (2199)
2 23 34 36 85 90 (2199)
2 23 34 36 85 90 93 (2199)
2 23 34 36 85 93 (2199)
2 23 34 36 86 (2199)
2 23 34 36 86 90 (2199)
2 23 34 36 86 90 93 (2199)
2 23 34 36 86 93 (2199)
2 23 34 36 90 (2199)
2 23 34 36 90 93 (2199)
2 23 34 36 93 (2199)
2 23 34 39 (2199)
2 23 34 39 59 (2199)
2 23 34 39 59 63 (2007)
2 23 34 39 59 63 85 (2007)
2 23 34 39 59 63 85 86 (2007)
2 23 34 39 59 63 85 86 90 (2007)
2 23 34 39 59 63 85 86 90 93 (2007)
2 23 34 39 59 63 85 86 93 (2007)
2 23 34 39 59 63 85 90 (2007)
2 23 34 39 59 63 85 90 93 (2007)
2 23 34 39 59 63 85 93 (2007)
2 23 34 39 59 63 86 (2007)
2 23 34 39 59 63 86 90 (2007)
2 23 34 39 59 63 86 90 93 (2007)
2 23 34 39 59 63 86 93 (2007)
2 23 34 39 59 63 90 (2007)
2 23 34 39 59 63 90 93 (2007)
2 23 34 39 59 63 93 (2007)
2 23 34 39 59 85 (2199)
2 23 34 39 59 85 86 (2199)
2 23 34 39 59 85 86 90 (2199)
2 23 34 39 59 85 86 90 93 (2199)
2 23 34 39 59 85 86 93 (2199)
2 23 34 39 59 85 90 (2199)
2 23 34 39 59 85 90 93 (2199)
2 23 34 39 59 85 93 (2199)
2 23 34 39 59 86 (2199)
2 23 34 39 59 86 90 (2199)
2 23 34 39 59 86 90 93 (2199)
2 23 34 39 59 86 93 (2199)
2 23 34 39 59 90 (2199)
2 23 34 39 59 90 93 (2199)
2 23 34 39 59 93 (2199)
2 23 34 39 63 (2007)
2 23 34 39 63 85 (2007)
2 23 34 39 63 85 86 (2007)
2 23 34 39 63 85 86 90 (2007)
2 23 34 39 63 85 86 90 93 (2007)
2 23 34 39 63 85 86 93 (2007)
2 23 34 39 63 85 90 (2007)
2 23 34 39 63 85 90 93 (2007)
2 23 34 39 63 85 93 (2007)
2 23 34 39 63 86 (2007)
2 23 34 39 63 86 90 (2007)
2 23 34 39 63 86 90 93 (2007)
2 23 34 39 63 86 93 (2007)
2 23 34 39 63 90 (2007)
2 23 34 39 63 90 93 (2007)
2 23 34 39 63 93 (2007)
2 23 34 39 85 (2199)
2 23 34 39 85 86 (2199)
2 23 34 39 85 86 90 (2199)
2 23 34 39 85 86 90 93 (2199)
2 23 34 39 85 86 93 (2199)
2 23 34 39 85 90 (2199)
2 23 34 39 85 90 93 (2199)
2 23 34 39 85 93 (2199)
2 23 34 39 86 (2199)
2 23 34 39 86 90 (2199)
2 23 34 39 86 90 93 (2199)
2 23 34 39 86 93 (2199)
2 23 34 39 90 (2199)
2 23 34 39 90 93 (2199)
2 23 34 39 93 (2199)
2 23 34 59 (2295)
2 23 34 59 63 (2103)
2 23 34 59 63 85 (2103)
2 23 34 59 63 85 86 (2103)
2 23 34 59 63 85 86 90 (2103)
2 23 34 59 63 85 86 90 93 (2103)
2 23 34 59 63 85 86 93 (2103)
2 23 34 59 63 85 90 (2103)
2 23 34 59 63 85 90 93 (2103)
2 23 34 59 63 85 93 (2103)
2 23 34 59 63 86 (2103)
2 23 34 59 63 86 90 (2103)
2 23 34 59 63 86 90 93 (2103)
2 23 34 59 63 86 93 (2103)
2 23 34 59 63 90 (2103)
2 23 34 59 63 90 93 (2103)
2 23 34 59 63 93 (2103)
2 23 34 59 85 (2295)
2 23 34 59 85 86 (2295)
2 23 34 59 85 86 90 (2295)
2 23 34 59 85 86 90 93 (2295)
2 23 34 59 85 86 93 (2295)
2 23 34 59 85 90 (2295)
2 23 34 59 85 90 93 (2295)
2 23 34 59 85 93 (2295)
2 23 34 59 86 (2295)
2 23 34 59 86 90 (2295)
2 23 34 59 86 90 93 (2295)
2 23 34 59 86 93 (2295)
2 23 34 59 90 (2295)
2 23 34 59 90 93 (2295)
2 23 34 59 93 (2295)
2 23 34 63 (2103)
2 23 34 63 85 (2103)
2 23 34 63 85 86 (2103)
2 23 34 63 85 86 90 (2103)
2 23 34 63 85 86 90 93 (2103)
2 23 34 63 85 86 93 (2103)
2 23 34 63 85 90 (2103)
2 23 34 63 85 90 93 (2103)
2 23 34 63 85 93 (2103)
2 23 34 63 86 (2103)
2 23 34 63 86 90 (2103)
2 23 34 63 86 90 93 (2103)
2 23 34 63 86 93 (2103)
2 23 34 63 90 (2103)
2 23 34 63 90 93 (2103)
2 23 34 63 93 (2103)
2 23 34 85 (2295)
2 23 34 85 86 (2295)
2 23 34 85 86 90 (2295)
2 23 34 85 86 90 93 (2295)
2 23 34 85 86 93 (2295)
2 23 34 85 90 (2295)
2 23 34 85 90 93 (2295)
2 23 34 85 93 (2295)
2 23 34 86 (2295)
2 23 34 86 90 (2295)
2 23 34 86 90 93 (2295)
2 23 34 86 93 (2295)
2 23 34 90 (2295)
2 23 34 90 93 (2295)
2 23 34 93 (2295)
2 23 36 (2199)
2 23 36 39 (2199)
2 23 36 39 59 (2199)
2 23 36 39 59 63 (2007)
2 23 36 39 59 63 85 (2007)
2 23 36 39 59 63 85 86 (2007)
2 23 36 39 59 63 85 86 90 (2007)
2 23 36 39 59 63 85 86 90 93 (2007)
2 23 36 39 59 63 85 86 93 (2007)
2 23 36 39 59 63 85 90 (2007)
2 23 36 39 59 63 85 90 93 (2007)
2 23 36 39 59 63 85 93 (2007)
2 23 36 39 59 63 86 (2007)
2 23 36 39 59 63 86 90 (2007)
2 23 36 39 59 63 86 90 93 (2007)
2 23 36 39 59 63 86 93 (2007)
2 23 36 39 59 63 90 (2007)
2 23 36 39 59 63 90 93 (2007)
2 23 36 39 59 63 93 (2007)
2 23 36 39 59 85 (2199)
2 23 36 39 59 85 86 (2199)
2 23 36 39 59 85 86 90 (2199)
2 23 36 39 59 85 86 90 93 (2199)
2 23 36 39 59 85 86 93 (2199)
2 23 36 39 59 85 90 (2199)
2 23 36 39 59 85 90 93 (2199)
2 23 36 39 59 85 93 (2199)
2 23 36 39 59 86 (2199)
2 23 36 39 59 86 90 (2199)
2 23 36 39 59 86 90 93 (2199)
2 23 36 39 59 86 93 (2199)
2 23 36 39 59 90 (2199)
2 23 36 39 59 90 93 (2199)
2 23 36 39 59 93 (2199)
2 23 36 39 63 (2007)
2 23 36 39 63 85 (2007)
2 23 36 39 63 85 86 (2007)
2 23 36 39 63 85 86 90 (2007)
2 23 36 39 63 85 86 90 93 (2007)
2 23 36 39 63 85 86 93 (2007)
2 23 36 39 63 85 90 (2007)
2 23 36 39 63 85 90 93 (2007)
2 23 36 39 63 85 93 (2007)
2 23 36 39 63 86 (2007)
2 23 36 39 63 86 90 (2007)
2 23 36 39 63 86 90 93 (2007)
2 23 36 39 63 86 93 (2007)
2 23 36 39 63 90 (2007)
2 23 36 39 63 90 93 (2007)
2 23 36 39 63 93 (2007)
2 23 36 39 85 (2199)
2 23 36 39 85 86 (2199)
2 23 36 39 85 86 90 (2199)
2 23 36 39 85 86 90 93 (2199)
2 23 36 39 85 86 93 (2199)
2 23 36 39 85 90 (2199)
2 23 36 39 85 90 93 (2199)
2 23 36 39 85 93 (2199)
2 23 36 39 86 (2199)
2 23 36 39 86 90 (2199)
2 23 36 39 86 90 93 (2199)
2 23 36 39 86 93 (2199)
2 23 36 39 90 (2199)
2 23 36 39 90 93 (2199)
2 23 36 39 93 (2199)
2 23 36 59 (2199)
2 23 36 59 63 (2007)
2 23 36 59 63 85 (2007)
2 23 36 59 63 85 86 (2007)
2 23 36 59 63 85 86 90 (2007)
2 23 36 59 63 85 86 90 93 (2007)
2 23 36 59 63 85 86 93 (2007)
2 23 36 59 63 85 90 (2007)
2 23 36 59 63 85 90 93 (2007)
2 23 36 59 63 85 93 (2007)
2 23 36 59 63 86 (2007)
2 23 36 59 63 86 90 (2007)
2 23 36 59 63 86 90 93 (2007)
2 23 36 59 63 86 93 (2007)
2 23 36 59 63 90 (2007)
2 23 36 59 63 90 93 (2007)
2 23 36 59 63 93 (2007)
2 23 36 59 85 (2199)
2 23 36 59 85 86 (2199)
2 23 36 59 85 86 90 (2199)
2 23 36 59 85 86 90 93 (2199)
2 23 36 59 85 86 93 (2199)
2 23 36 59 85 90 (2199)
2 23 36 59 85 90 93 (2199)
2 23 36 59 85 93 (2199)
2 23 36 59 86 (2199)
2 23 36 59 86 90 (2199)
2 23 36 59 86 90 93 (2199)
2 23 36 59 86 93 (2199)
2 23 36 59 90 (2199)
2 23 36 59 90 93 (2199)
2 23 36 59 93 (2199)
2 23 36 63 (2007)
2 23 36 63 85 (2007)
2 23 36 63 85 86 (2007)
2 23 36 63 85 86 90 (2007)
2 23 36 63 85 86 90 93 (2007)
2 23 36 63 85 86 93 (2007)
2 23 36 63 85 90 (2007)
2 23 36 63 85 90 93 (2007)
2 23 36 63 85 93 (2007)
2 23 36 63 86 (2007)
2 23 36 63 86 90 (2007)
2 23 36 63 86 90 93 (2007)
2 23 36 63 86 93 (2007)
2 23 36 63 90 (2007)
2 23 36 63 90 93 (2007)
2 23 36 63 93 (2007)
2 23 36 85 (2199)
2 23 36 85 86 (2199)
2 23 36 85 86 90 (2199)
2 23 36 85 86 90 93 (2199)
2 23 36 85 86 93 (2199)
2 23 36 85 90 (2199)
2 23 36 85 90 93 (2199)
2 23 36 85 93 (2199)
2 23 36 86 (2199)
2 23 36 86 90 (2199)
2 23 36 86 90 93 (2199)
2 23 36 86 93 (2199)
2 23 36 90 (2199)
2 23 36 90 93 (2199)
2 23 36 93 (2199)
2 23 39 (2199)
2 23 39 59 (2199)
2 23 39 59 63 (2007)
2 23 39 59 63 85 (2007)
2 23 39 59 63 85 86 (2007)
2 23 39 59 63 85 86 90 (2007)
2 23 39 59 63 85 86 90 93 (2007)
2 23 39 59 63 85 86 93 (2007)
2 23 39 59 63 85 90 (2007)
2 23 39 59 63 85 90 93 (2007)
2 23 39 59 63 85 93 (2007)
2 23 39 59 63 86 (2007)
2 23 39 59 63 86 90 (2007)
2 23 39 59 63 86 90 93 (2007)
2 23 39 59 63 86 93 (2007)
2 23 39 59 63 90 (2007)
2 23 39 59 63 90 93 (2007)
2 23 39 59 63 93 (2007)
2 23 39 59 85 (2199)
2 23 39 59 85 86 (2199)
2 23 39 59 85 86 90 (2199)
2 23 39 59 85 86 90 93 (2199)
2 23 39 59 85 86 93 (2199)
2 23 39 59 85 90 (2199)
2 23 39 59 85 90 93 (2199)
2 23 39 59 85 93 (2199)
2 23 39 59 86 (2199)
2 23 39 59 86 90 (2199)
2 23 39 59 86 90 93 (2199)
2 23 39 59 86 93 (2199)
2 23 39 59 90 (2199)
2 23 39 59 90 93 (2199)
2 23 39 59 93 (2199)
2 23 39 63 (2007)
2 23 39 63 85 (2007)
2 23 39 63 85 86 (2007)
2 23 39 63 85 86 90 (2007)
2 23 39 63 85 86 90 93 (2007)
2 23 39 63 85 86 93 (2007)
2 23 39 63 85 90 (2007)
2 23 39 63 85 90 93 (2007)
2 23 39 63 85 93 (2007)
2 23 39 63 86 (2007)
2 23 39 63 86 90 (2007)
2 23 39 63 86 90 93 (2007)
2 23 39 63 86 93 (2007)
2 23 39 63 90 (2007)
2 23 39 63 90 93 (2007)
2 23 39 63 93 (2007)
2 23 39 85 (2199)
2 23 39 85 86 (2199)
2 23 39 85 86 90 (2199)
2 23 39 85 86 90 93 (2199)
2 23 39 85 86 93 (2199)
2 23 39 85 90 (2199)
2 23 39 85 90 93 (2199)
2 23 39 85 93 (2199)
2 23 39 86 (2199)
2 23 39 86 90 (2199)
2 23 39 86 90 93 (2199)
2 23 39 86 93 (2199)
2 23 39 90 (2199)
2 23 39 90 93 (2199)
2 23 39 93 (2199)
2 23 59 (2295)
2 23 59 63 (2103)
2 23 59 63 85 (2103)
2 23 59 63 85 86 (2103)
2 23 59 63 85 86 90 (2103)
2 23 59 63 85 86 90 93 (2103)
2 23 59 63 85 86 93 (2103)
2 23 59 63 85 90 (2103)
2 23 59 63 85 90 93 (2103)
2 23 59 63 85 93 (2103)
2 23 59 63 86 (2103)
2 23 59 63 86 90 (2103)
2 23 59 63 86 90 93 (2103)
2 23 59 63 86 93 (2103)
2 23 59 63 90 (2103)
2 23 59 63 90 93 (2103)
2 23 59 63 93 (2103)
2 23 59 85 (2295)
2 23 59 85 86 (2295)
2 23 59 85 86 90 (2295)
2 23 59 85 86 90 93 (2295)
2 23 59 85 86 93 (2295)
2 23 59 85 90 (2295)
2 23 59 85 90 93 (2295)
2 23 59 85 93 (2295)
2 23 59 86 (2295)
2 23 59 86 90 (2295)
2 23 59 86 90 93 (2295)
2 23 59 86 93 (2295)
2 23 59 90 (2295)
2 23 59 90 93 (2295)
2 23 59 93 (2295)
2 23 63 (2103)
2 23 63 85 (2103)
2 23 63 85 86 (2103)
2 23 63 85 86 90 (2103)
2 23 63 85 86 90 93 (2103)
2 23 63 85 86 93 (2103)
2 23 63 85 90 (2103)
2 23 63 85 90 93 (2103)
2 23 63 85 93 (2103)
2 23 63 86 (2103)
2 23 63 86 90 (2103)
2 23 63 86 90 93 (2103)
2 23 63 86 93 (2103)
2 23 63 90 (2103)
2 23 63 90 93 (2103)
2 23 63 93 (2103)
2 23 85 (2295)
2 23 85 86 (2295)
2 23 85 86 90 (2295)
2 23 85 86 90 93 (2295)
2 23 85 86 93 (2295)
2 23 85 90 (2295)
2 23 85 90 93 (2295)
2 23 85 93 (2295)
2 23 86 (2295)
2 23 86 90 (2295)
2 23 86 90 93 (2295)
2 23 86 93 (2295)
2 23 90 (2295)
2 23 90 93 (2295)
2 23 93 (2295)
2 28 (2359)
2 28 34 (2359)
2 28 34 39 (2263)
2 28 34 39 53 (2263)
2 28 34 39 53 85 (2263)
2 28 34 39 53 85 86 (2263)
2 28 34 39 53 85 86 90 (2263)
2 28 34 39 53 85 90 (2263)
2 28 34 39 53 86 (2263)
2 28 34 39 53 86 90 (2263)
2 28 34 39 53 90 (2263)
2 28 34 39 85 (2263)
2 28 34 39 85 86 (2263)
2 28 34 39 85 86 90 (2263)
2 28 34 39 85 90 (2263)
2 28 34 39 86 (2263)
2 28 34 39 86 90 (2263)
2 28 34 39 90 (2263)
2 28 34 53 (2263)
2 28 34 53 85 (2263)
2 28 34 53 85 86 (2263)
2 28 34 53 85 86 90 (2263)
2 28 34 53 85 90 (2263)
2 28 34 53 86 (2263)
2 28 34 53 86 90 (2263)
2 28 34 53 90 (2263)
2 28 34 85 (2359)
2 28 34 85 86 (2359)
2 28 34 85 86 90 (2359)
2 28 34 85 90 (2359)
2 28 34 86 (2359)
2 28 34 86 90 (2359)
2 28 34 90 (2359)
2 28 39 (2263)
2 28 39 53 (2263)
2 28 39 53 85 (2263)
2 28 39 53 85 86 (2263)
2 28 39 53 85 86 90 (2263)
2 28 39 53 85 90 (2263)
2 28 39 53 86 (2263)
2 28 39 53 86 90 (2263)
2 28 39 53 90 (2263)
2 28 39 85 (2263)
2 28 39 85 86 (2263)
2 28 39 85 86 90 (2263)
2 28 39 85 90 (2263)
2 28 39 86 (2263)
2 28 39 86 90 (2263)
2 28 39 90 (2263)
2 28 53 (2263)
2 28 53 85 (2263)
2 28 53 85 86 (2263)
2 28 53 85 86 90 (2263)
2 28 53 85 90 (2263)
2 28 53 86 (2263)
2 28 53 86 90 (2263)
2 28 53 90 (2263)
2 28 85 (2359)
2 28 85 86 (2359)
2 28 85 86 90 (2359)
2 28 85 90 (2359)
2 28 86 (2359)
2 28 86 90 (2359)
2 28 90 (2359)
2 34 (3159)
2 34 36 (2295)
2 34 36 39 (2199)
2 34 36 39 59 (2199)
2 34 36 39 59 63 (2007)
2 34 36 39 59 63 85 (2007)
2 34 36 39 59 63 85 86 (2007)
2 34 36 39 59 63 85 86 90 (2007)
2 34 36 39 59 63 85 86 90 93 (2007)
2 34 36 39 59 63 85 86 93 (2007)
2 34 36 39 59 63 85 90 (2007)
2 34 36 39 59 63 85 90 93 (2007)
2 34 36 39 59 63 85 93 (2007)
2 34 36 39 59 63 86 (2007)
2 34 36 39 59 63 86 90 (2007)
2 34 36 39 59 63 86 90 93 (2007)
2 34 36 39 59 63 86 93 (2007)
2 34 36 39 59 63 90 (2007)
2 34 36 39 59 63 90 93 (2007)
2 34 36 39 59 63 93 (2007)
2 34 36 39 59 85 (2199)
2 34 36 39 59 85 86 (2199)
2 34 36 39 59 85 86 90 (2199)
2 34 36 39 59 85 86 90 93 (2199)
2 34 36 39 59 85 86 93 (2199)
2 34 36 39 59 85 90 (2199)
2 34 36 39 59 85 90 93 (2199)
2 34 36 39 59 85 93 (2199)
2 34 36 39 59 86 (2199)
2 34 36 39 59 86 90 (2199)
2 34 36 39 59 86 90 93 (2199)
2 34 36 39 59 86 93 (2199)
2 34 36 39 59 90 (2199)
2 34 36 39 59 90 93 (2199)
2 34 36 39 59 93 (2199)
2 34 36 39 63 (2007)
2 34 36 39 63 85 (2007)
2 34 36 39 63 85 86 (2007)
2 34 36 39 63 85 86 90 (2007)
2 34 36 39 63 85 86 90 93 (2007)
2 34 36 39 63 85 86 93 (2007)
2 34 36 39 63 85 90 (2007)
2 34 36 39 63 85 90 93 (2007)
2 34 36 39 63 85 93 (2007)
2 34 36 39 63 86 (2007)
2 34 36 39 63 86 90 (2007)
2 34 36 39 63 86 90 93 (2007)
2 34 36 39 63 86 93 (2007)
2 34 36 39 63 90 (2007)
2 34 36 39 63 90 93 (2007)
2 34 36 39 63 93 (2007)
2 34 36 39 85 (2199)
2 34 36 39 85 86 (2199)
2 34 36 39 85 86 90 (2199)
2 34 36 39 85 86 90 93 (2199)
2 34 36 39 85 86 93 (2199)
2 34 36 39 85 90 (2199)
2 34 36 39 85 90 93 (2199)
2 34 36 39 85 93 (2199)
2 34 36 39 86 (2199)
2 34 36 39 86 90 (2199)
2 34 36 39 86 90 93 (2199)
2 34 36 39 86 93 (2199)
2 34 36 39 90 (2199)
2 34 36 39 90 93 (2199)
2 34 36 39 93 (2199)
2 34 36 59 (2295)
2 34 36 59 63 (2103)
2 34 36 59 63 85 (2103)
2 34 36 59 63 85 86 (2103)
2 34 36 59 63 85 86 90 (2103)
2 34 36 59 63 85 86 90 93 (2103)
2 34 36 59 63 85 86 93 (2103)
2 34 36 59 63 85 90 (2103)
2 34 36 59 63 85 90 93 (2103)
2 34 36 59 63 85 93 (2103)
2 34 36 59 63 86 (2103)
2 34 36 59 63 86 90 (2103)
2 34 36 59 63 86 90 93 (2103)
2 34 36 59 63 86 93 (2103)
2 34 36 59 63 90 (2103)
2 34 36 59 63 90 93 (2103)
2 34 36 59 63 93 (2103)
2 34 36 59 85 (2295)
2 34 36 59 85 86 (2295)
2 34 36 59 85 86 90 (2295)
2 34 36 59 85 86 90 93 (2295)
2 34 36 59 85 86 93 (2295)
2 34 36 59 85 90 (2295)
2 34 36 59 85 90 93 (2295)
2 34 36 59 85 93 (2295)
2 34 36 59 86 (2295)
2 34 36 59 86 90 (2295)
2 34 36 59 86 90 93 (2295)
2 34 36 59 86 93 (2295)
2 34 36 59 90 (2295)
2 34 36 59 90 93 (2295)
2 34 36 59 93 (2295)
2 34 36 63 (2103)
2 34 36 63 85 (2103)
2 34 36 63 85 86 (2103)
2 34 36 63 85 86 90 (2103)
2 34 36 63 85 86 90 93 (2103)
2 34 36 63 85 86 93 (2103)
2 34 36 63 85 90 (2103)
2 34 36 63 85 90 93 (2103)
2 34 36 63 85 93 (2103)
2 34 36 63 86 (2103)
2 34 36 63 86 90 (2103)
2 34 36 63 86 90 93 (2103)
2 34 36 63 86 93 (2103)
2 34 36 63 90 (2103)
2 34 36 63 90 93 (2103)
2 34 36 63 93 (2103)
2 34 36 85 (2295)
2 34 36 85 86 (2295)
2 34 36 85 86 90 (2295)
2 34 36 85 86 90 93 (2295)
2 34 36 85 86 93 (2295)
2 34 36 85 90 (2295)
2 34 36 85 90 93 (2295)
2 34 36 85 93 (2295)
2 34 36 86 (2295)
2 34 36 86 90 (2295)
2 34 36 86 90 93 (2295)
2 34 36 86 93 (2295)
2 34 36 90 (2295)
2 34 36 90 93 (2295)
2 34 36 93 (2295)
2 34 39 (2967)
2 34 39 53 (2263)
2 34 39 53 85 (2263)
2 34 39 53 85 86 (2263)
2 34 39 53 85 86 90 (2263)
2 34 39 53 85 90 (2263)
2 34 39 53 86 (2263)
2 34 39 53 86 90 (2263)
2 34 39 53 90 (2263)
2 34 39 59 (2583)
2 34 39 59 63 (2199)
2 34 39 59 63 85 (2199)
2 34 39 59 63 85 86 (2199)
2 34 39 59 63 85 86 90 (2199)
2 34 39 59 63 85 86 90 93 (2007)
2 34 39 59 63 85 86 93 (2007)
2 34 39 59 63 85 90 (2199)
2 34 39 59 63 85 90 93 (2007)
2 34 39 59 63 85 93 (2007)
2 34 39 59 63 86 (2199)
2 34 39 59 63 86 90 (2199)
2 34 39 59 63 86 90 93 (2007)
2 34 39 59 63 86 93 (2007)
2 34 39 59 63 90 (2199)
2 34 39 59 63 90 93 (2007)
2 34 39 59 63 93 (2007)
2 34 39 59 85 (2583)
2 34 39 59 85 86 (2583)
2 34 39 59 85 86 90 (2583)
2 34 39 59 85 86 90 93 (2199)
2 34 39 59 85 86 93 (2199)
2 34 39 59 85 90 (2583)
2 34 39 59 85 90 93 (2199)
2 34 39 59 85 93 (2199)
2 34 39 59 86 (2583)
2 34 39 59 86 90 (2583)
2 34 39 59 86 90 93 (2199)
2 34 39 59 86 93 (2199)
2 34 39 59 90 (2583)
2 34 39 59 90 93 (2199)
2 34 39 59 93 (2199)
2 34 39 63 (2391)
2 34 39 63 85 (2391)
2 34 39 63 85 86 (2391)
2 34 39 63 85 86 90 (2391)
2 34 39 63 85 86 90 93 (2007)
2 34 39 63 85 86 93 (2007)
2 34 39 63 85 90 (2391)
2 34 39 63 85 90 93 (2007)
2 34 39 63 85 93 (2007)
2 34 39 63 86 (2391)
2 34 39 63 86 90 (2391)
2 34 39 63 86 90 93 (2007)
2 34 39 63 86 93 (2007)
2 34 39 63 90 (2391)
2 34 39 63 90 93 (2007)
2 34 39 63 93 (2007)
2 34 39 85 (2967)
2 34 39 85 86 (2967)
2 34 39 85 86 90 (2967)
2 34 39 85 86 90 93 (2199)
2 34 39 85 86 93 (2199)
2 34 39 85 90 (2967)
2 34 39 85 90 93 (2199)
2 34 39 85 93 (2199)
2 34 39 86 (2967)
2 34 39 86 90 (2967)
2 34 39 86 90 93 (2199)
2 34 39 86 93 (2199)
2 34 39 90 (2967)
2 34 39 90 93 (2199)
2 34 39 93 (2199)
2 34 53 (2359)
2 34 53 85 (2359)
2 34 53 85 86 (2359)
2 34 53 85 86 90 (2359)
2 34 53 85 90 (2359)
2 34 53 86 (2359)
2 34 53 86 90 (2359)
2 34 53 90 (2359)
2 34 59 (2775)
2 34 59 63 (2391)
2 34 59 63 85 (2391)
2 34 59 63 85 86 (2391)
2 34 59 63 85 86 90 (2391)
2 34 59 63 85 86 90 93 (2199)
2 34 59 63 85 86 93 (2199)
2 34 59 63 85 90 (2391)
2 34 59 63 85 90 93 (2199)
2 34 59 63 85 93 (2199)
2 34 59 63 86 (2391)
2 34 59 63 86 90 (2391)
2 34 59 63 86 90 93 (2199)
2 34 59 63 86 93 (2199)
2 34 59 63 90 (2391)
2 34 59 63 90 93 (2199)
2 34 59 63 93 (2199)
2 34 59 85 (2775)
2 34 59 85 86 (2775)
2 34 59 85 86 90 (2775)
2 34 59 85 86 90 93 (2391)
2 34 59 85 86 93 (2391)
2 34 59 85 90 (2775)
2 34 59 85 90 93 (2391)
2 34 59 85 93 (2391)
2 34 59 86 (2775)
2 34 59 86 90 (2775)
2 34 59 86 90 93 (2391)
2 34 59 86 93 (2391)
2 34 59 90 (2775)
2 34 59 90 93 (2391)
2 34 59 93 (2391)
2 34 63 (2583)
2 34 63 85 (2583)
2 34 63 85 86 (2583)
2 34 63 85 86 90 (2583)
2 34 63 85 86 90 93 (2199)
2 34 63 85 86 93 (2199)
2 34 63 85 90 (2583)
2 34 63 85 90 93 (2199)
2 34 63 85 93 (2199)
2 34 63 86 (2583)
2 34 63 86 90 (2583)
2 34 63 86 90 93 (2199)
2 34 63 86 93 (2199)
2 34 63 90 (2583)
2 34 63 90 93 (2199)
2 34 63 93 (2199)
2 34 67 (2164)
2 34 67 85 (2164)
2 34 67 85 86 (2164)
2 34 67 85 86 90 (2164)
2 34 67 85 90 (2164)
2 34 67 86 (2164)
2 34 67 86 90 (2164)
2 34 67 90 (2164)
2 34 76 (2155)
2 34 76 85 (2155)
2 34 76 85 86 (2155)
2 34 76 85 86 90 (2155)
2 34 76 85 90 (2155)
2 34 76 86 (2155)
2 34 76 86 90 (2155)
2 34 76 90 (2155)
2 34 85 (3159)
2 34 85 86 (3159)
2 34 85 86 90 (3159)
2 34 85 86 90 93 (2391)
2 34 85 86 93 (2391)
2 34 85 90 (3159)
2 34 85 90 93 (2391)
2 34 85 93 (2391)
2 34 86 (3159)
2 34 86 90 (3159)
2 34 86 90 93 (2391)
2 34 86 93 (2391)
2 34 90 (3159)
2 34 90 93 (2391)
2 34 93 (2391)
2 36 (2295)
2 36 39 (2199)
2 36 39 59 (2199)
2 36 39 59 63 (2007)
2 36 39 59 63 85 (2007)
2 36 39 59 63 85 86 (2007)
2 36 39 59 63 85 86 90 (2007)
2 36 39 59 63 85 86 90 93 (2007)
2 36 39 59 63 85 86 93 (2007)
2 36 39 59 63 85 90 (2007)
2 36 39 59 63 85 90 93 (2007)
2 36 39 59 63 85 93 (2007)
2 36 39 59 63 86 (2007)
2 36 39 59 63 86 90 (2007)
2 36 39 59 63 86 90 93 (2007)
2 36 39 59 63 86 93 (2007)
2 36 39 59 63 90 (2007)
2 36 39 59 63 90 93 (2007)
2 36 39 59 63 93 (2007)
2 36 39 59 85 (2199)
2 36 39 59 85 86 (2199)
2 36 39 59 85 86 90 (2199)
2 36 39 59 85 86 90 93 (2199)
2 36 39 59 85 86 93 (2199)
2 36 39 59 85 90 (2199)
2 36 39 59 85 90 93 (2199)
2 36 39 59 85 93 (2199)
2 36 39 59 86 (2199)
2 36 39 59 86 90 (2199)
2 36 39 59 86 90 93 (2199)
2 36 39 59 86 93 (2199)
2 36 39 59 90 (2199)
2 36 39 59 90 93 (2199)
2 36 39 59 93 (2199)
2 36 39 63 (2007)
2 36 39 63 85 (2007)
2 36 39 63 85 86 (2007)
2 36 39 63 85 86 90 (2007)
2 36 39 63 85 86 90 93 (2007)
2 36 39 63 85 86 93 (2007)
2 36 39 63 85 90 (2007)
2 36 39 63 85 90 93 (2007)
2 36 39 63 85 93 (2007)
2 36 39 63 86 (2007)
2 36 39 63 86 90 (2007)
2 36 39 63 86 90 93 (2007)
2 36 39 63 86 93 (2007)
2 36 39 63 90 (2007)
2 36 39 63 90 93 (2007)
2 36 39 63 93 (2007)
2 36 39 85 (2199)
2 36 39 85 86 (2199)
2 36 39 85 86 90 (2199)
2 36 39 85 86 90 93 (2199)
2 36 39 85 86 93 (2199)
2 36 39 85 90 (2199)
2 36 39 85 90 93 (2199)
2 36 39 85 93 (2199)
2 36 39 86 (2199)
2 36 39 86 90 (2199)
2 36 39 86 90 93 (2199)
2 36 39 86 93 (2199)
2 36 39 90 (2199)
2 36 39 90 93 (2199)
2 36 39 93 (2199)
2 36 59 (2295)
2 36 59 63 (2103)
2 36 59 63 85 (2103)
2 36 59 63 85 86 (2103)
2 36 59 63 85 86 90 (2103)
2 36 59 63 85 86 90 93 (2103)
2 36 59 63 85 86 93 (2103)
2 36 59 63 85 90 (2103)
2 36 59 63 85 90 93 (2103)
2 36 59 63 85 93 (2103)
2 36 59 63 86 (2103)
2 36 59 63 86 90 (2103)
2 36 59 63 86 90 93 (2103)
2 36 59 63 86 93 (2103)
2 36 59 63 90 (2103)
2 36 59 63 90 93 (2103)
2 36 59 63 93 (2103)
2 36 59 85 (2295)
2 36 59 85 86 (2295)
2 36 59 85 86 90 (2295)
2 36 59 85 86 90 93 (2295)
2 36 59 85 86 93 (2295)
2 36 59 85 90 (2295)
2 36 59 85 90 93 (2295)
2 36 59 85 93 (2295)
2 36 59 86 (2295)
2 36 59 86 90 (2295)
2 36 59 86 90 93 (2295)
2 36 59 86 93 (2295)
2 36 59 90 (2295)
2 36 59 90 93 (2295)
2 36 59 93 (2295)
2 36 63 (2103)
2 36 63 85 (2103)
2 36 63 85 86 (2103)
2 36 63 85 86 90 (2103)
2 36 63 85 86 90 93 (2103)
2 36 63 85 86 93 (2103)
2 36 63 85 90 (2103)
2 36 63 85 90 93 (2103)
2 36 63 85 93 (2103)
2 36 63 86 (2103)
2 36 63 86 90 (2103)
2 36 63 86 90 93 (2103)
2 36 63 86 93 (2103)
2 36 63 90 (2103)
2 36 63 90 93 (2103)
2 36 63 93 (2103)
2 36 85 (2295)
2 36 85 86 (2295)
2 36 85 86 90 (2295)
2 36 85 86 90 93 (2295)
2 36 85 86 93 (2295)
2 36 85 90 (2295)
2 36 85 90 93 (2295)
2 36 85 93 (2295)
2 36 86 (2295)
2 36 86 90 (2295)
2 36 86 90 93 (2295)
2 36 86 93 (2295)
2 36 90 (2295)
2 36 90 93 (2295)
2 36 93 (2295)
2 39 (2967)
2 39 53 (2263)
2 39 53 85 (2263)
2 39 53 85 86 (2263)
2 39 53 85 86 90 (2263)
2 39 53 85 90 (2263)
2 39 53 86 (2263)
2 39 53 86 90 (2263)
2 39 53 90 (2263)
2 39 59 (2583)
2 39 59 63 (2199)
2 39 59 63 85 (2199)
2 39 59 63 85 86 (2199)
2 39 59 63 85 86 90 (2199)
2 39 59 63 85 86 90 93 (2007)
2 39 59 63 85 86 93 (2007)
2 39 59 63 85 90 (2199)
2 39 59 63 85 90 93 (2007)
2 39 59 63 85 93 (2007)
2 39 59 63 86 (2199)
2 39 59 63 86 90 (2199)
2 39 59 63 86 90 93 (2007)
2 39 59 63 86 93 (2007)
2 39 59 63 90 (2199)
2 39 59 63 90 93 (2007)
2 39 59 63 93 (2007)
2 39 59 85 (2583)
2 39 59 85 86 (2583)
2 39 59 85 86 90 (2583)
2 39 59 85 86 90 93 (2199)
2 39 59 85 86 93 (2199)
2 39 59 85 90 (2583)
2 39 59 85 90 93 (2199)
2 39 59 85 93 (2199)
2 39 59 86 (2583)
2 39 59 86 90 (2583)
2 39 59 86 90 93 (2199)
2 39 59 86 93 (2199)
2 39 59 90 (2583)
2 39 59 90 93 (2199)
2 39 59 93 (2199)
2 39 63 (2391)
2 39 63 85 (2391)
2 39 63 85 86 (2391)
2 39 63 85 86 90 (2391)
2 39 63 85 86 90 93 (2007)
2 39 63 85 86 93 (2007)
2 39 63 85 90 (2391)
2 39 63 85 90 93 (2007)
2 39 63 85 93 (2007)
2 39 63 86 (2391)
2 39 63 86 90 (2391)
2 39 63 86 90 93 (2007)
2 39 63 86 93 (2007)
2 39 63 90 (2391)
2 39 63 90 93 (2007)
2 39 63 93 (2007)
2 39 85 (2967)
2 39 85 86 (2967)
2 39 85 86 90 (2967)
2 39 85 86 90 93 (2199)
2 39 85 86 93 (2199)
2 39 85 90 (2967)
2 39 85 90 93 (2199)
2 39 85 93 (2199)
2 39 86 (2967)
2 39 86 90 (2967)
2 39 86 90 93 (2199)
2 39 86 93 (2199)
2 39 90 (2967)
2 39 90 93 (2199)
2 39 93 (2199)
2 53 (2359)
2 53 85 (2359)
2 53 85 86 (2359)
2 53 85 86 90 (2359)
2 53 85 90 (2359)
2 53 86 (2359)
2 53 86 90 (2359)
2 53 90 (2359)
2 59 (2775)
2 59 63 (2391)
2 59 63 85 (2391)
2 59 63 85 86 (2391)
2 59 63 85 86 90 (2391)
2 59 63 85 86 90 93 (2199)
2 59 63 85 86 93 (2199)
2 59 63 85 90 (2391)
2 59 63 85 90 93 (2199)
2 59 63 85 93 (2199)
2 59 63 86 (2391)
2 59 63 86 90 (2391)
2 59 63 86 90 93 (2199)
2 59 63 86 93 (2199)
2 59 63 90 (2391)
2 59 63 90 93 (2199)
2 59 63 93 (2199)
2 59 85 (2775)
2 59 85 86 (2775)
2 59 85 86 90 (2775)
2 59 85 86 90 93 (2391)
2 59 85 86 93 (2391)
2 59 85 90 (2775)
2 59 85 90 93 (2391)
2 59 85 93 (2391)
2 59 86 (2775)
2 59 86 90 (2775)
2 59 86 90 93 (2391)
2 59 86 93 (2391)
2 59 90 (2775)
2 59 90 93 (2391)
2 59 93 (2391)
2 63 (2583)
2 63 85 (2583)
2 63 85 86 (2583)
2 63 85 86 90 (2583)
2 63 85 86 90 93 (2199)
2 63 85 86 93 (2199)
2 63 85 90 (2583)
2 63 85 90 93 (2199)
2 63 85 93 (2199)
2 63 86 (2583)
2 63 86 90 (2583)
2 63 86 90 93 (2199)
2 63 86 93 (2199)
2 63 90 (2583)
2 63 90 93 (2199)
2 63 93 (2199)
2 67 (2164)
2 67 85 (2164)
2 67 85 86 (2164)
2 67 85 86 90 (2164)
2 67 85 90 (2164)
2 67 86 (2164)
2 67 86 90 (2164)
2 67 90 (2164)
2 76 (2155)
2 76 85 (2155)
2 76 85 86 (2155)
2 76 85 86 90 (2155)
2 76 85 90 (2155)
2 76 86 (2155)
2 76 86 90 (2155)
2 76 90 (2155)
2 85 (3159)
2 85 86 (3159)
2 85 86 90 (3159)
2 85 86 90 93 (2391)
2 85 86 93 (2391)
2 85 90 (3159)
2 85 90 93 (2391)
2 85 93 (2391)
2 86 (3159)
2 86 90 (3159)
2 86 90 93 (2391)
2 86 93 (2391)
2 90 (3159)
2 90 93 (2391)
2 93 (2391)
3 (2047)
3 34 (2047)
3 34 85 (2047)
3 34 85 86 (2047)
3 34 85 86 90 (2047)
3 34 85 90 (2047)
3 34 86 (2047)
3 34 86 90 (2047)
3 34 90 (2047)
3 85 (2047)
3 85 86 (2047)
3 85 86 90 (2047)
3 85 90 (2047)
3 86 (2047)
3 86 90 (2047)
3 90 (2047)
23 (2551)
23 34 (2551)
23 34 36 (2455)
23 34 36 39 (2199)
23 34 36 39 59 (2199)
23 34 36 39 59 63 (2007)
23 34 36 39 59 63 85 (2007)
23 34 36 39 59 63 85 86 (2007)
23 34 36 39 59 63 85 86 90 (2007)
23 34 36 39 59 63 85 86 90 93 (2007)
23 34 36 39 59 63 85 86 93 (2007)
23 34 36 39 59 63 85 90 (2007)
23 34 36 39 59 63 85 90 93 (2007)
23 34 36 39 59 63 85 93 (2007)
23 34 36 39 59 63 86 (2007)
23 34 36 39 59 63 86 90 (2007)
23 34 36 39 59 63 86 90 93 (2007)
23 34 36 39 59 63 86 93 (2007)
23 34 36 39 59 63 90 (2007)
23 34 36 39 59 63 90 93 (2007)
23 34 36 39 59 63 93 (2007)
23 34 36 39 59 85 (2199)
23 34 36 39 59 85 86 (2199)
23 34 36 39 59 85 86 90 (2199)
23 34 36 39 59 85 86 90 93 (2199)
23 34 36 39 59 85 86 93 (2199)
23 34 36 39 59 85 90 (2199)
23 34 36 39 59 85 90 93 (2199)
23 34 36 39 59 85 93 (2199)
23 34 36 39 59 86 (2199)
23 34 36 39 59 86 90 (2199)
23 34 36 39 59 86 90 93 (2199)
23 34 36 39 59 86 93 (2199)
23 34 36 39 59 90 (2199)
23 34 36 39 59 90 93 (2199)
23 34 36 39 59 93 (2199)
23 34 36 39 63 (2007)
23 34 36 39 63 85 (2007)
23 34 36 39 63 85 86 (2007)
23 34 36 39 63 85 86 90 (2007)
23 34 36 39 63 85 86 90 93 (2007)
23 34 36 39 63 85 86 93 (2007)
23 34 36 39 63 85 90 (2007)
23 34 36 39 63 85 90 93 (2007)
23 34 36 39 63 85 93 (2007)
23 34 36 39 63 86 (2007)
23 34 36 39 63 86 90 (2007)
23 34 36 39 63 86 90 93 (2007)
23 34 36 39 63 86 93 (2007)
23 34 36 39 63 90 (2007)
23 34 36 39 63 90 93 (2007)
23 34 36 39 63 93 (2007)
23 34 36 39 85 (2199)
23 34 36 39 85 86 (2199)
23 34 36 39 85 86 90 (2199)
23 34 36 39 85 86 90 93 (2199)
23 34 36 39 85 86 93 (2199)
23 34 36 39 85 90 (2199)
23 34 36 39 85 90 93 (2199)
23 34 36 39 85 93 (2199)
23 34 36 39 86 (2199)
23 34 36 39 86 90 (2199)
23 34 36 39 86 90 93 (2199)
23 34 36 39 86 93 (2199)
23 34 36 39 90 (2199)
23 34 36 39 90 93 (2199)
23 34 36 39 93 (2199)
23 34 36 59 (2455)
23 34 36 59 63 (2263)
23 34 36 59 63 85 (2263)
23 34 36 59 63 85 86 (2263)
23 34 36 59 63 85 86 90 (2263)
23 34 36 59 63 85 86 90 93 (2263)
23 34 36 59 63 85 86 93 (2263)
23 34 36 59 63 85 90 (2263)
23 34 36 59 63 85 90 93 (2263)
23 34 36 59 63 85 93 (2263)
23 34 36 59 63 86 (2263)
23 34 36 59 63 86 90 (2263)
23 34 36 59 63 86 90 93 (2263)
23 34 36 59 63 86 93 (2263)
23 34 36 59 63 90 (2263)
23 34 36 59 63 90 93 (2263)
23 34 36 59 63 93 (2263)
23 34 36 59 85 (2455)
23 34 36 59 85 86 (2455)
23 34 36 59 85 86 90 (2455)
23 34 36 59 85 86 90 93 (2455)
23 34 36 59 85 86 93 (2455)
23 34 36 59 85 90 (2455)
23 34 36 59 85 90 93 (2455)
23 34 36 59 85 93 (2455)
23 34 36 59 86 (2455)
23 34 36 59 86 90 (2455)
23 34 36 59 86 90 93 (2455)
23 34 36 59 86 93 (2455)
23 34 36 59 90 (2455)
23 34 36 59 90 93 (2455)
23 34 36 59 93 (2455)
23 34 36 63 (2263)
23 34 36 63 85 (2263)
23 34 36 63 85 86 (2263)
23 34 36 63 85 86 90 (2263)
23 34 36 63 85 86 90 93 (2263)
23 34 36 63 85 86 93 (2263)
23 34 36 63 85 90 (2263)
23 34 36 63 85 90 93 (2263)
23 34 36 63 85 93 (2263)
23 34 36 63 86 (2263)
23 34 36 63 86 90 (2263)
23 34 36 63 86 90 93 (2263)
23 34 36 63 86 93 (2263)
23 34 36 63 90 (2263)
23 34 36 63 90 93 (2263)
23 34 36 63 93 (2263)
23 34 36 85 (2455)
23 34 36 85 86 (2455)
23 34 36 85 86 90 (2455)
23 34 36 85 86 90 93 (2455)
23 34 36 85 86 93 (2455)
23 34 36 85 90 (2455)
23 34 36 85 90 93 (2455)
23 34 36 85 93 (2455)
23 34 36 86 (2455)
23 34 36 86 90 (2455)
23 34 36 86 90 93 (2455)
23 34 36 86 93 (2455)
23 34 36 90 (2455)
23 34 36 90 93 (2455)
23 34 36 93 (2455)
23 34 39 (2199)
23 34 39 59 (2199)
23 34 39 59 63 (2007)
23 34 39 59 63 85 (2007)
23 34 39 59 63 85 86 (2007)
23 34 39 59 63 85 86 90 (2007)
23 34 39 59 63 85 86 90 93 (2007)
23 34 39 59 63 85 86 93 (2007)
23 34 39 59 63 85 90 (2007)
23 34 39 59 63 85 90 93 (2007)
23 34 39 59 63 85 93 (2007)
23 34 39 59 63 86 (2007)
23 34 39 59 63 86 90 (2007)
23 34 39 59 63 86 90 93 (2007)
23 34 39 59 63 86 93 (2007)
23 34 39 59 63 90 (2007)
23 34 39 59 63 90 93 (2007)
23 34 39 59 63 93 (2007)
23 34 39 59 85 (2199)
23 34 39 59 85 86 (2199)
23 34 39 59 85 86 90 (2199)
23 34 39 59 85 86 90 93 (2199)
23 34 39 59 85 86 93 (2199)
23 34 39 59 85 90 (2199)
23 34 39 59 85 90 93 (2199)
23 34 39 59 85 93 (2199)
23 34 39 59 86 (2199)
23 34 39 59 86 90 (2199)
23 34 39 59 86 90 93 (2199)
23 34 39 59 86 93 (2199)
23 34 39 59 90 (2199)
23 34 39 59 90 93 (2199)
23 34 39 59 93 (2199)
23 34 39 63 (2007)
23 34 39 63 85 (2007)
23 34 39 63 85 86 (2007)
23 34 39 63 85 86 90 (2007)
23 34 39 63 85 86 90 93 (2007)
23 34 39 63 85 86 93 (2007)
23 34 39 63 85 90 (2007)
23 34 39 63 85 90 93 (2007)
23 34 39 63 85 93 (2007)
23 34 39 63 86 (2007)
23 34 39 63 86 90 (2007)
23 34 39 63 86 90 93 (2007)
23 34 39 63 86 93 (2007)
23 34 39 63 90 (2007)
23 34 39 63 90 93 (2007)
23 34 39 63 93 (2007)
23 34 39 85 (2199)
23 34 39 85 86 (2199)
23 34 39 85 86 90 (2199)
23 34 39 85 86 90 93 (2199)
23 34 39 85 86 93 (2199)
23 34 39 85 90 (2199)
23 34 39 85 90 93 (2199)
23 34 39 85 93 (2199)
23 34 39 86 (2199)
23 34 39 86 90 (2199)
23 34 39 86 90 93 (2199)
23 34 39 86 93 (2199)
23 34 39 90 (2199)
23 34 39 90 93 (2199)
23 34 39 93 (2199)
23 34 59 (2551)
23 34 59 63 (2359)
23 34 59 63 85 (2359)
23 34 59 63 85 86 (2359)
23 34 59 63 85 86 90 (2359)
23 34 59 63 85 86 90 93 (2359)
23 34 59 63 85 86 93 (2359)
23 34 59 63 85 90 (2359)
23 34 59 63 85 90 93 (2359)
23 34 59 63 85 93 (2359)
23 34 59 63 86 (2359)
23 34 59 63 86 90 (2359)
23 34 59 63 86 90 93 (2359)
23 34 59 63 86 93 (2359)
23 34 59 63 90 (2359)
23 34 59 63 90 93 (2359)
23 34 59 63 93 (2359)
23 34 59 85 (2551)
23 34 59 85 86 (2551)
23 34 59 85 86 90 (2551)
23 34 59 85 86 90 93 (2551)
23 34 59 85 86 93 (2551)
23 34 59 85 90 (2551)
23 34 59 85 90 93 (2551)
23 34 59 85 93 (2551)
23 34 59 86 (2551)
23 34 59 86 90 (2551)
23 34 59 86 90 93 (2551)
23 34 59 86 93 (2551)
23 34 59 90 (2551)
23 34 59 90 93 (2551)
23 34 59 93 (2551)
23 34 63 (2359)
23 34 63 85 (2359)
23 34 63 85 86 (2359)
23 34 63 85 86 90 (2359)
23 34 63 85 86 90 93 (2359)
23 34 63 85 86 93 (2359)
23 34 63 85 90 (2359)
23 34 63 85 90 93 (2359)
23 34 63 85 93 (2359)
23 34 63 86 (2359)
23 34 63 86 90 (2359)
23 34 63 86 90 93 (2359)
23 34 63 86 93 (2359)
23 34 63 90 (2359)
23 34 63 90 93 (2359)
23 34 63 93 (2359)
23 34 85 (2551)
23 34 85 86 (2551)
23 34 85 86 90 (2551)
23 34 85 86 90 93 (2551)
23 34 85 86 93 (2551)
23 34 85 90 (2551)
23 34 85 90 93 (2551)
23 34 85 93 (2551)
23 34 86 (2551)
23 34 86 90 (2551)
23 34 86 90 93 (2551)
23 34 86 93 (2551)
23 34 90 (2551)
23 34 90 93 (2551)
23 34 93 (2551)
23 36 (2455)
23 36 39 (2199)
23 36 39 59 (2199)
23 36 39 59 63 (2007)
23 36 39 59 63 85 (2007)
23 36 39 59 63 85 86 (2007)
23 36 39 59 63 85 86 90 (2007)
23 36 39 59 63 85 86 90 93 (2007)
23 36 39 59 63 85 86 93 (2007)
23 36 39 59 63 85 90 (2007)
23 36 39 59 63 85 90 93 (2007)
23 36 39 59 63 85 93 (2007)
23 36 39 59 63 86 (2007)
23 36 39 59 63 86 90 (2007)
23 36 39 59 63 86 90 93 (2007)
23 36 39 59 63 86 93 (2007)
23 36 39 59 63 90 (2007)
23 36 39 59 63 90 93 (2007)
23 36 39 59 63 93 (2007)
23 36 39 59 85 (2199)
23 36 39 59 85 86 (2199)
23 36 39 59 85 86 90 (2199)
23 36 39 59 85 86 90 93 (2199)
23 36 39 59 85 86 93 (2199)
23 36 39 59 85 90 (2199)
23 36 39 59 85 90 93 (2199)
23 36 39 59 85 93 (2199)
23 36 39 59 86 (2199)
23 36 39 59 86 90 (2199)
23 36 39 59 86 90 93 (2199)
23 36 39 59 86 93 (2199)
23 36 39 59 90 (2199)
23 36 39 59 90 93 (2199)
23 36 39 59 93 (2199)
23 36 39 63 (2007)
23 36 39 63 85 (2007)
23 36 39 63 85 86 (2007)
23 36 39 63 85 86 90 (2007)
23 36 39 63 85 86 90 93 (2007)
23 36 39 63 85 86 93 (2007)
23 36 39 63 85 90 (2007)
23 36 39 63 85 90 93 (2007)
23 36 39 63 85 93 (2007)
23 36 39 63 86 (2007)
23 36 39 63 86 90 (2007)
23 36 39 63 86 90 93 (2007)
23 36 39 63 86 93 (2007)
23 36 39 63 90 (2007)
23 36 39 63 90 93 (2007)
23 36 39 63 93 (2007)
23 36 39 85 (2199)
23 36 39 85 86 (2199)
23 36 39 85 86 90 (2199)
23 36 39 85 86 90 93 (2199)
23 36 39 85 86 93 (2199)
23 36 39 85 90 (2199)
23 36 39 85 90 93 (2199)
23 36 39 85 93 (2199)
23 36 39 86 (2199)
23 36 39 86 90 (2199)
23 36 39 86 90 93 (2199)
23 36 39 86 93 (2199)
23 36 39 90 (2199)
23 36 39 90 93 (2199)
23 36 39 93 (2199)
23 36 59 (2455)
23 36 59 63 (2263)
23 36 59 63 85 (2263)
23 36 59 63 85 86 (2263)
23 36 59 63 85 86 90 (2263)
23 36 59 63 85 86 90 93 (2263)
23 36 59 63 85 86 93 (2263)
23 36 59 63 85 90 (2263)
23 36 59 63 85 90 93 (2263)
23 36 59 63 85 93 (2263)
23 36 59 63 86 (2263)
23 36 59 63 86 90 (2263)
23 36 59 63 86 90 93 (2263)
23 36 59 63 86 93 (2263)
23 36 59 63 90 (2263)
23 36 59 63 90 93 (2263)
23 36 59 63 93 (2263)
23 36 59 85 (2455)
23 36 59 85 86 (2455)
23 36 59 85 86 90 (2455)
23 36 59 85 86 90 93 (2455)
23 36 59 85 86 93 (2455)
23 36 59 85 90 (2455)
23 36 59 85 90 93 (2455)
23 36 59 85 93 (2455)
23 36 59 86 (2455)
23 36 59 86 90 (2455)
23 36 59 86 90 93 (2455)
23 36 59 86 93 (2455)
23 36 59 90 (2455)
23 36 59 90 93 (2455)
23 36 59 93 (2455)
23 36 63 (2263)
23 36 63 85 (2263)
23 36 63 85 86 (2263)
23 36 63 85 86 90 (2263)
23 36 63 85 86 90 93 (2263)
23 36 63 85 86 93 (2263)
23 36 63 85 90 (2263)
23 36 63 85 90 93 (2263)
23 36 63 85 93 (2263)
23 36 63 86 (2263)
23 36 63 86 90 (2263)
23 36 63 86 90 93 (2263)
23 36 63 86 93 (2263)
23 36 63 90 (2263)
23 36 63 90 93 (2263)
23 36 63 93 (2263)
23 36 85 (2455)
23 36 85 86 (2455)
23 36 85 86 90 (2455)
23 36 85 86 90 93 (2455)
23 36 85 86 93 (2455)
23 36 85 90 (2455)
23 36 85 90 93 (2455)
23 36 85 93 (2455)
23 36 86 (2455)
23 36 86 90 (2455)
23 36 86 90 93 (2455)
23 36 86 93 (2455)
23 36 90 (2455)
23 36 90 93 (2455)
23 36 93 (2455)
23 39 (2199)
23 39 59 (2199)
23 39 59 63 (2007)
23 39 59 63 85 (2007)
23 39 59 63 85 86 (2007)
23 39 59 63 85 86 90 (2007)
23 39 59 63 85 86 90 93 (2007)
23 39 59 63 85 86 93 (2007)
23 39 59 63 85 90 (2007)
23 39 59 63 85 90 93 (2007)
23 39 59 63 85 93 (2007)
23 39 59 63 86 (2007)
23 39 59 63 86 90 (2007)
23 39 59 63 86 90 93 (2007)
23 39 59 63 86 93 (2007)
23 39 59 63 90 (2007)
23 39 59 63 90 93 (2007)
23 39 59 63 93 (2007)
23 39 59 85 (2199)
23 39 59 85 86 (2199)
23 39 59 85 86 90 (2199)
23 39 59 85 86 90 93 (2199)
23 39 59 85 86 93 (2199)
23 39 59 85 90 (2199)
23 39 59 85 90 93 (2199)
23 39 59 85 93 (2199)
23 39 59 86 (2199)
23 39 59 86 90 (2199)
23 39 59 86 90 93 (2199)
23 39 59 86 93 (2199)
23 39 59 90 (2199)
23 39 59 90 93 (2199)
23 39 59 93 (2199)
23 39 63 (2007)
23 39 63 85 (2007)
23 39 63 85 86 (2007)
23 39 63 85 86 90 (2007)
23 39 63 85 86 90 93 (2007)
23 39 63 85 86 93 (2007)
23 39 63 85 90 (2007)
23 39 63 85 90 93 (2007)
23 39 63 85 93 (2007)
23 39 63 86 (2007)
23 39 63 86 90 (2007)
23 39 63 86 90 93 (2007)
23 39 63 86 93 (2007)
23 39 63 90 (2007)
23 39 63 90 93 (2007)
23 39 63 93 (2007)
23 39 85 (2199)
23 39 85 86 (2199)
23 39 85 86 90 (2199)
23 39 85 86 90 93 (2199)
23 39 85 86 93 (2199)
23 39 85 90 (2199)
23 39 85 90 93 (2199)
23 39 85 93 (2199)
23 39 86 (2199)
23 39 86 90 (2199)
23 39 86 90 93 (2199)
23 39 86 93 (2199)
23 39 90 (2199)
23 39 90 93 (2199)
23 39 93 (2199)
23 59 (2551)
23 59 63 (2359)
23 59 63 85 (2359)
23 59 63 85 86 (2359)
23 59 63 85 86 90 (2359)
23 59 63 85 86 90 93 (2359)
23 59 63 85 86 93 (2359)
23 59 63 85 90 (2359)
23 59 63 85 90 93 (2359)
23 59 63 85 93 (2359)
23 59 63 86 (2359)
23 59 63 86 90 (2359)
23 59 63 86 90 93 (2359)
23 59 63 86 93 (2359)
23 59 63 90 (2359)
23 59 63 90 93 (2359)
23 59 63 93 (2359)
23 59 85 (2551)
23 59 85 86 (2551)
23 59 85 86 90 (2551)
23 59 85 86 90 93 (2551)
23 59 85 86 93 (2551)
23 59 85 90 (2551)
23 59 85 90 93 (2551)
23 59 85 93 (2551)
23 59 86 (2551)
23 59 86 90 (2551)
23 59 86 90 93 (2551)
23 59 86 93 (2551)
23 59 90 (2551)
23 59 90 93 (2551)
23 59 93 (2551)
23 63 (2359)
23 63 85 (2359)
23 63 85 86 (2359)
23 63 85 86 90 (2359)
23 63 85 86 90 93 (2359)
23 63 85 86 93 (2359)
23 63 85 90 (2359)
23 63 85 90 93 (2359)
23 63 85 93 (2359)
23 63 86 (2359)
23 63 86 90 (2359)
23 63 86 90 93 (2359)
23 63 86 93 (2359)
23 63 90 (2359)
23 63 90 93 (2359)
23 63 93 (2359)
23 85 (2551)
23 85 86 (2551)
23 85 86 90 (2551)
23 85 86 90 93 (2551)
23 85 86 93 (2551)
23 85 90 (2551)
23 85 90 93 (2551)
23 85 93 (2551)
23 86 (2551)
23 86 90 (2551)
23 86 90 93 (2551)
23 86 93 (2551)
23 90 (2551)
23 90 93 (2551)
23 93 (2551)
28 (2359)
28 34 (2359)
28 34 39 (2263)
28 34 39 53 (2263)
28 34 39 53 85 (2263)
28 34 39 53 85 86 (2263)
28 34 39 53 85 86 90 (2263)
28 34 39 53 85 90 (2263)
28 34 39 53 86 (2263)
28 34 39 53 86 90 (2263)
28 34 39 53 90 (2263)
28 34 39 85 (2263)
28 34 39 85 86 (2263)
28 34 39 85 86 90 (2263)
28 34 39 85 90 (2263)
28 34 39 86 (2263)
28 34 39 86 90 (2263)
28 34 39 90 (2263)
28 34 53 (2263)
28 34 53 85 (2263)
28 34 53 85 86 (2263)
28 34 53 85 86 90 (2263)
28 34 53 85 90 (2263)
28 34 53 86 (2263)
28 34 53 86 90 (2263)
28 34 53 90 (2263)
28 34 85 (2359)
28 34 85 86 (2359)
28 34 85 86 90 (2359)
28 34 85 90 (2359)
28 34 86 (2359)
28 34 86 90 (2359)
28 34 90 (2359)
28 39 (2263)
28 39 53 (2263)
28 39 53 85 (2263)
28 39 53 85 86 (2263)
28 39 53 85 86 90 (2263)
28 39 53 85 90 (2263)
28 39 53 86 (2263)
28 39 53 86 90 (2263)
28 39 53 90 (2263)
28 39 85 (2263)
28 39 85 86 (2263)
28 39 85 86 90 (2263)
28 39 85 90 (2263)
28 39 86 (2263)
28 39 86 90 (2263)
28 39 90 (2263)
28 53 (2263)
28 53 85 (2263)
28 53 85 86 (2263)
28 53 85 86 90 (2263)
28 53 85 90 (2263)
28 53 86 (2263)
28 53 86 90 (2263)
28 53 90 (2263)
28 85 (2359)
28 85 86 (2359)
28 85 86 90 (2359)
28 85 90 (2359)
28 86 (2359)
28 86 90 (2359)
28 90 (2359)
34 (3698)
34 36 (2770)
34 36 39 (2361)
34 36 39 59 (2199)
34 36 39 59 63 (2007)
34 36 39 59 63 85 (2007)
34 36 39 59 63 85 86 (2007)
34 36 39 59 63 85 86 90 (2007)
34 36 39 59 63 85 86 90 93 (2007)
34 36 39 59 63 85 86 93 (2007)
34 36 39 59 63 85 90 (2007)
34 36 39 59 63 85 90 93 (2007)
34 36 39 59 63 85 93 (2007)
34 36 39 59 63 86 (2007)
34 36 39 59 63 86 90 (2007)
34 36 39 59 63 86 90 93 (2007)
34 36 39 59 63 86 93 (2007)
34 36 39 59 63 90 (2007)
34 36 39 59 63 90 93 (2007)
34 36 39 59 63 93 (2007)
34 36 39 59 85 (2199)
34 36 39 59 85 86 (2199)
34 36 39 59 85 86 90 (2199)
34 36 39 59 85 86 90 93 (2199)
34 36 39 59 85 86 93 (2199)
34 36 39 59 85 90 (2199)
34 36 39 59 85 90 93 (2199)
34 36 39 59 85 93 (2199)
34 36 39 59 86 (2199)
34 36 39 59 86 90 (2199)
34 36 39 59 86 90 93 (2199)
34 36 39 59 86 93 (2199)
34 36 39 59 90 (2199)
34 36 39 59 90 93 (2199)
34 36 39 59 93 (2199)
34 36 39 63 (2007)
34 36 39 63 85 (2007)
34 36 39 63 85 86 (2007)
34 36 39 63 85 86 90 (2007)
34 36 39 63 85 86 90 93 (2007)
34 36 39 63 85 86 93 (2007)
34 36 39 63 85 90 (2007)
34 36 39 63 85 90 93 (2007)
34 36 39 63 85 93 (2007)
34 36 39 63 86 (2007)
34 36 39 63 86 90 (2007)
34 36 39 63 86 90 93 (2007)
34 36 39 63 86 93 (2007)
34 36 39 63 90 (2007)
34 36 39 63 90 93 (2007)
34 36 39 63 93 (2007)
34 36 39 85 (2361)
34 36 39 85 86 (2361)
34 36 39 85 86 90 (2361)
34 36 39 85 86 90 93 (2199)
34 36 39 85 86 93 (2199)
34 36 39 85 90 (2361)
34 36 39 85 90 93 (2199)
34 36 39 85 93 (2199)
34 36 39 86 (2361)
34 36 39 86 90 (2361)
34 36 39 86 90 93 (2199)
34 36 39 86 93 (2199)
34 36 39 90 (2361)
34 36 39 90 93 (2199)
34 36 39 93 (2199)
34 36 59 (2608)
34 36 59 63 (2416)
34 36 59 63 85 (2416)
34 36 59 63 85 86 (2416)
34 36 59 63 85 86 90 (2416)
34 36 59 63 85 86 90 93 (2416)
34 36 59 63 85 86 93 (2416)
34 36 59 63 85 90 (2416)
34 36 59 63 85 90 93 (2416)
34 36 59 63 85 93 (2416)
34 36 59 63 86 (2416)
34 36 59 63 86 90 (2416)
34 36 59 63 86 90 93 (2416)
34 36 59 63 86 93 (2416)
34 36 59 63 90 (2416)
34 36 59 63 90 93 (2416)
34 36 59 63 93 (2416)
34 36 59 85 (2608)
34 36 59 85 86 (2608)
34 36 59 85 86 90 (2608)
34 36 59 85 86 90 93 (2608)
34 36 59 85 86 93 (2608)
34 36 59 85 90 (2608)
34 36 59 85 90 93 (2608)
34 36 59 85 93 (2608)
34 36 59 86 (2608)
34 36 59 86 90 (2608)
34 36 59 86 90 93 (2608)
34 36 59 86 93 (2608)
34 36 59 90 (2608)
34 36 59 90 93 (2608)
34 36 59 93 (2608)
34 36 63 (2416)
34 36 63 85 (2416)
34 36 63 85 86 (2416)
34 36 63 85 86 90 (2416)
34 36 63 85 86 90 93 (2416)
34 36 63 85 86 93 (2416)
34 36 63 85 90 (2416)
34 36 63 85 90 93 (2416)
34 36 63 85 93 (2416)
34 36 63 86 (2416)
34 36 63 86 90 (2416)
34 36 63 86 90 93 (2416)
34 36 63 86 93 (2416)
34 36 63 90 (2416)
34 36 63 90 93 (2416)
34 36 63 93 (2416)
34 36 85 (2770)
34 36 85 86 (2770)
34 36 85 86 90 (2770)
34 36 85 86 90 93 (2608)
34 36 85 86 93 (2608)
34 36 85 90 (2770)
34 36 85 90 93 (2608)
34 36 85 93 (2608)
34 36 86 (2770)
34 36 86 90 (2770)
34 36 86 90 93 (2608)
34 36 86 93 (2608)
34 36 90 (2770)
34 36 90 93 (2608)
34 36 93 (2608)
34 39 (3129)
34 39 53 (2263)
34 39 53 85 (2263)
34 39 53 85 86 (2263)
34 39 53 85 86 90 (2263)
34 39 53 85 90 (2263)
34 39 53 86 (2263)
34 39 53 86 90 (2263)
34 39 53 90 (2263)
34 39 59 (2583)
34 39 59 63 (2199)
34 39 59 63 85 (2199)
34 39 59 63 85 86 (2199)
34 39 59 63 85 86 90 (2199)
34 39 59 63 85 86 90 93 (2007)
34 39 59 63 85 86 93 (2007)
34 39 59 63 85 90 (2199)
34 39 59 63 85 90 93 (2007)
34 39 59 63 85 93 (2007)
34 39 59 63 86 (2199)
34 39 59 63 86 90 (2199)
34 39 59 63 86 90 93 (2007)
34 39 59 63 86 93 (2007)
34 39 59 63 90 (2199)
34 39 59 63 90 93 (2007)
34 39 59 63 93 (2007)
34 39 59 85 (2583)
34 39 59 85 86 (2583)
34 39 59 85 86 90 (2583)
34 39 59 85 86 90 93 (2199)
34 39 59 85 86 93 (2199)
34 39 59 85 90 (2583)
34 39 59 85 90 93 (2199)
34 39 59 85 93 (2199)
34 39 59 86 (2583)
34 39 59 86 90 (2583)
34 39 59 86 90 93 (2199)
34 39 59 86 93 (2199)
34 39 59 90 (2583)
34 39 59 90 93 (2199)
34 39 59 93 (2199)
34 39 63 (2391)
34 39 63 85 (2391)
34 39 63 85 86 (2391)
34 39 63 85 86 90 (2391)
34 39 63 85 86 90 93 (2007)
34 39 63 85 86 93 (2007)
34 39 63 85 90 (2391)
34 39 63 85 90 93 (2007)
34 39 63 85 93 (2007)
34 39 63 86 (2391)
34 39 63 86 90 (2391)
34 39 63 86 90 93 (2007)
34 39 63 86 93 (2007)
34 39 63 90 (2391)
34 39 63 90 93 (2007)
34 39 63 93 (2007)
34 39 85 (3129)
34 39 85 86 (3129)
34 39 85 86 90 (3129)
34 39 85 86 90 93 (2199)
34 39 85 86 93 (2199)
34 39 85 90 (3129)
34 39 85 90 93 (2199)
34 39 85 93 (2199)
34 39 86 (3129)
34 39 86 90 (3129)
34 39 86 90 93 (2199)
34 39 86 93 (2199)
34 39 90 (3129)
34 39 90 93 (2199)
34 39 93 (2199)
34 53 (2359)
34 53 85 (2359)
34 53 85 86 (2359)
34 53 85 86 90 (2359)
34 53 85 90 (2359)
34 53 86 (2359)
34 53 86 90 (2359)
34 53 90 (2359)
34 59 (3152)
34 59 63 (2768)
34 59 63 85 (2768)
34 59 63 85 86 (2768)
34 59 63 85 86 90 (2768)
34 59 63 85 86 90 93 (2576)
34 59 63 85 86 93 (2576)
34 59 63 85 90 (2768)
34 59 63 85 90 93 (2576)
34 59 63 85 93 (2576)
34 59 63 86 (2768)
34 59 63 86 90 (2768)
34 59 63 86 90 93 (2576)
34 59 63 86 93 (2576)
34 59 63 90 (2768)
34 59 63 90 93 (2576)
34 59 63 93 (2576)
34 59 67 (2157)
34 59 67 85 (2157)
34 59 67 85 86 (2157)
34 59 67 85 86 90 (2157)
34 59 67 85 90 (2157)
34 59 67 86 (2157)
34 59 67 86 90 (2157)
34 59 67 90 (2157)
34 59 76 (2148)
34 59 76 85 (2148)
34 59 76 85 86 (2148)
34 59 76 85 86 90 (2148)
34 59 76 85 90 (2148)
34 59 76 86 (2148)
34 59 76 86 90 (2148)
34 59 76 90 (2148)
34 59 85 (3152)
34 59 85 86 (3152)
34 59 85 86 90 (3152)
34 59 85 86 90 93 (2768)
34 59 85 86 93 (2768)
34 59 85 90 (3152)
34 59 85 90 93 (2768)
34 59 85 93 (2768)
34 59 86 (3152)
34 59 86 90 (3152)
34 59 86 90 93 (2768)
34 59 86 93 (2768)
34 59 90 (3152)
34 59 90 93 (2768)
34 59 93 (2768)
34 63 (2960)
34 63 85 (2960)
34 63 85 86 (2960)
34 63 85 86 90 (2960)
34 63 85 86 90 93 (2576)
34 63 85 86 93 (2576)
34 63 85 90 (2960)
34 63 85 90 93 (2576)
34 63 85 93 (2576)
34 63 86 (2960)
34 63 86 90 (2960)
34 63 86 90 93 (2576)
34 63 86 93 (2576)
34 63 90 (2960)
34 63 90 93 (2576)
34 63 93 (2576)
34 67 (2541)
34 67 76 (2208)
34 67 76 85 (2208)
34 67 76 85 86 (2208)
34 67 76 85 86 90 (2208)
34 67 76 85 90 (2208)
34 67 76 86 (2208)
34 67 76 86 90 (2208)
34 67 76 90 (2208)
34 67 85 (2541)
34 67 85 86 (2541)
34 67 85 86 90 (2541)
34 67 85 90 (2541)
34 67 86 (2541)
34 67 86 90 (2541)
34 67 90 (2541)
34 76 (2532)
34 76 85 (2532)
34 76 85 86 (2532)
34 76 85 86 90 (2532)
34 76 85 90 (2532)
34 76 86 (2532)
34 76 86 90 (2532)
34 76 90 (2532)
34 85 (3698)
34 85 86 (3698)
34 85 86 90 (3698)
34 85 86 90 93 (2768)
34 85 86 93 (2768)
34 85 90 (3698)
34 85 90 93 (2768)
34 85 93 (2768)
34 86 (3698)
34 86 90 (3698)
34 86 90 93 (2768)
34 86 93 (2768)
34 90 (3698)
34 90 93 (2768)
34 93 (2768)
36 (2770)
36 39 (2361)
36 39 59 (2199)
36 39 59 63 (2007)
36 39 59 63 85 (2007)
36 39 59 63 85 86 (2007)
36 39 59 63 85 86 90 (2007)
36 39 59 63 85 86 90 93 (2007)
36 39 59 63 85 86 93 (2007)
36 39 59 63 85 90 (2007)
36 39 59 63 85 90 93 (2007)
36 39 59 63 85 93 (2007)
36 39 59 63 86 (2007)
36 39 59 63 86 90 (2007)
36 39 59 63 86 90 93 (2007)
36 39 59 63 86 93 (2007)
36 39 59 63 90 (2007)
36 39 59 63 90 93 (2007)
36 39 59 63 93 (2007)
36 39 59 85 (2199)
36 39 59 85 86 (2199)
36 39 59 85 86 90 (2199)
36 39 59 85 86 90 93 (2199)
36 39 59 85 86 93 (2199)
36 39 59 85 90 (2199)
36 39 59 85 90 93 (2199)
36 39 59 85 93 (2199)
36 39 59 86 (2199)
36 39 59 86 90 (2199)
36 39 59 86 90 93 (2199)
36 39 59 86 93 (2199)
36 39 59 90 (2199)
36 39 59 90 93 (2199)
36 39 59 93 (2199)
36 39 63 (2007)
36 39 63 85 (2007)
36 39 63 85 86 (2007)
36 39 63 85 86 90 (2007)
36 39 63 85 86 90 93 (2007)
36 39 63 85 86 93 (2007)
36 39 63 85 90 (2007)
36 39 63 85 90 93 (2007)
36 39 63 85 93 (2007)
36 39 63 86 (2007)
36 39 63 86 90 (2007)
36 39 63 86 90 93 (2007)
36 39 63 86 93 (2007)
36 39 63 90 (2007)
36 39 63 90 93 (2007)
36 39 63 93 (2007)
36 39 85 (2361)
36 39 85 86 (2361)
36 39 85 86 90 (2361)
36 39 85 86 90 93 (2199)
36 39 85 86 93 (2199)
36 39 85 90 (2361)
36 39 85 90 93 (2199)
36 39 85 93 (2199)
36 39 86 (2361)
36 39 86 90 (2361)
36 39 86 90 93 (2199)
36 39 86 93 (2199)
36 39 90 (2361)
36 39 90 93 (2199)
36 39 93 (2199)
36 59 (2608)
36 59 63 (2416)
36 59 63 85 (2416)
36 59 63 85 86 (2416)
36 59 63 85 86 90 (2416)
36 59 63 85 86 90 93 (2416)
36 59 63 85 86 93 (2416)
36 59 63 85 90 (2416)
36 59 63 85 90 93 (2416)
36 59 63 85 93 (2416)
36 59 63 86 (2416)
36 59 63 86 90 (2416)
36 59 63 86 90 93 (2416)
36 59 63 86 93 (2416)
36 59 63 90 (2416)
36 59 63 90 93 (2416)
36 59 63 93 (2416)
36 59 85 (2608)
36 59 85 86 (2608)
36 59 85 86 90 (2608)
36 59 85 86 90 93 (2608)
36 59 85 86 93 (2608)
36 59 85 90 (2608)
36 59 85 90 93 (2608)
36 59 85 93 (2608)
36 59 86 (2608)
36 59 86 90 (2608)
36 59 86 90 93 (2608)
36 59 86 93 (2608)
36 59 90 (2608)
36 59 90 93 (2608)
36 59 93 (2608)
36 63 (2416)
36 63 85 (2416)
36 63 85 86 (2416)
36 63 85 86 90 (2416)
36 63 85 86 90 93 (2416)
36 63 85 86 93 (2416)
36 63 85 90 (2416)
36 63 85 90 93 (2416)
36 63 85 93 (2416)
36 63 86 (2416)
36 63 86 90 (2416)
36 63 86 90 93 (2416)
36 63 86 93 (2416)
36 63 90 (2416)
36 63 90 93 (2416)
36 63 93 (2416)
36 85 (2770)
36 85 86 (2770)
36 85 86 90 (2770)
36 85 86 90 93 (2608)
36 85 86 93 (2608)
36 85 90 (2770)
36 85 90 93 (2608)
36 85 93 (2608)
36 86 (2770)
36 86 90 (2770)
36 86 90 93 (2608)
36 86 93 (2608)
36 90 (2770)
36 90 93 (2608)
36 93 (2608)
39 (3129)
39 53 (2263)
39 53 85 (2263)
39 53 85 86 (2263)
39 53 85 86 90 (2263)
39 53 85 90 (2263)
39 53 86 (2263)
39 53 86 90 (2263)
39 53 90 (2263)
39 59 (2583)
39 59 63 (2199)
39 59 63 85 (2199)
39 59 63 85 86 (2199)
39 59 63 85 86 90 (2199)
39 59 63 85 86 90 93 (2007)
39 59 63 85 86 93 (2007)
39 59 63 85 90 (2199)
39 59 63 85 90 93 (2007)
39 59 63 85 93 (2007)
39 59 63 86 (2199)
39 59 63 86 90 (2199)
39 59 63 86 90 93 (2007)
39 59 63 86 93 (2007)
39 59 63 90 (2199)
39 59 63 90 93 (2007)
39 59 63 93 (2007)
39 59 85 (2583)
39 59 85 86 (2583)
39 59 85 86 90 (2583)
39 59 85 86 90 93 (2199)
39 59 85 86 93 (2199)
39 59 85 90 (2583)
39 59 85 90 93 (2199)
39 59 85 93 (2199)
39 59 86 (2583)
39 59 86 90 (2583)
39 59 86 90 93 (2199)
39 59 86 93 (2199)
39 59 90 (2583)
39 59 90 93 (2199)
39 59 93 (2199)
39 63 (2391)
39 63 85 (2391)
39 63 85 86 (2391)
39 63 85 86 90 (2391)
39 63 85 86 90 93 (2007)
39 63 85 86 93 (2007)
39 63 85 90 (2391)
39 63 85 90 93 (2007)
39 63 85 93 (2007)
39 63 86 (2391)
39 63 86 90 (2391)
39 63 86 90 93 (2007)
39 63 86 93 (2007)
39 63 90 (2391)
39 63 90 93 (2007)
39 63 93 (2007)
39 85 (3129)
39 85 86 (3129)
39 85 86 90 (3129)
39 85 86 90 93 (2199)
39 85 86 93 (2199)
39 85 90 (3129)
39 85 90 93 (2199)
39 85 93 (2199)
39 86 (3129)
39 86 90 (3129)
39 86 90 93 (2199)
39 86 93 (2199)
39 90 (3129)
39 90 93 (2199)
39 93 (2199)
53 (2359)
53 85 (2359)
53 85 86 (2359)
53 85 86 90 (2359)
53 85 90 (2359)
53 86 (2359)
53 86 90 (2359)
53 90 (2359)
59 (3152)
59 63 (2768)
59 63 85 (2768)
59 63 85 86 (2768)
59 63 85 86 90 (2768)
59 63 85 86 90 93 (2576)
59 63 85 86 93 (2576)
59 63 85 90 (2768)
59 63 85 90 93 (2576)
59 63 85 93 (2576)
59 63 86 (2768)
59 63 86 90 (2768)
59 63 86 90 93 (2576)
59 63 86 93 (2576)
59 63 90 (2768)
59 63 90 93 (2576)
59 63 93 (2576)
59 67 (2157)
59 67 85 (2157)
59 67 85 86 (2157)
59 67 85 86 90 (2157)
59 67 85 90 (2157)
59 67 86 (2157)
59 67 86 90 (2157)
59 67 90 (2157)
59 76 (2148)
59 76 85 (2148)
59 76 85 86 (2148)
59 76 85 86 90 (2148)
59 76 85 90 (2148)
59 76 86 (2148)
59 76 86 90 (2148)
59 76 90 (2148)
59 85 (3152)
59 85 86 (3152)
59 85 86 90 (3152)
59 85 86 90 93 (2768)
59 85 86 93 (2768)
59 85 90 (3152)
59 85 90 93 (2768)
59 85 93 (2768)
59 86 (3152)
59 86 90 (3152)
59 86 90 93 (2768)
59 86 93 (2768)
59 90 (3152)
59 90 93 (2768)
59 93 (2768)
63 (2960)
63 85 (2960)
63 85 86 (2960)
63 85 86 90 (2960)
63 85 86 90 93 (2576)
63 85 86 93 (2576)
63 85 90 (2960)
63 85 90 93 (2576)
63 85 93 (2576)
63 86 (2960)
63 86 90 (2960)
63 86 90 93 (2576)
63 86 93 (2576)
63 90 (2960)
63 90 93 (2576)
63 93 (2576)
67 (2541)
67 76 (2208)
67 76 85 (2208)
67 76 85 86 (2208)
67 76 85 86 90 (2208)
67 76 85 90 (2208)
67 76 86 (2208)
67 76 86 90 (2208)
67 76 90 (2208)
67 85 (2541)
67 85 86 (2541)
67 85 86 90 (2541)
67 85 90 (2541)
67 86 (2541)
67 86 90 (2541)
67 90 (2541)
76 (2532)
76 85 (2532)
76 85 86 (2532)
76 85 86 90 (2532)
76 85 90 (2532)
76 86 (2532)
76 86 90 (2532)
76 90 (2532)
85 (3698)
85 86 (3698)
85 86 90 (3698)
85 86 90 93 (2768)
85 86 93 (2768)
85 90 (3698)
85 90 93 (2768)
85 93 (2768)
86 (3698)
86 90 (3698)
86 90 93 (2768)
86 93 (2768)
90 (3698)
90 93 (2768)
93 (2768)
