170 (1392)
170 180 (1378)
170 180 184 (1378)
170 180 184 188 (1339)
170 180 184 188 4426 (1325)
170 180 184 188 4426 4428 (1321)
170 180 184 188 4426 4428 4432 (1300)
170 180 184 188 4426 4428 4438 (1317)
170 180 184 188 4426 4428 7062 (1303)
170 180 184 188 4426 4432 (1303)
170 180 184 188 4426 4438 (1321)
170 180 184 188 4426 4438 7062 (1303)
170 180 184 188 4426 7062 (1307)
170 180 184 188 4428 (1331)
170 180 184 188 4428 4432 (1310)
170 180 184 188 4428 4432 4438 (1306)
170 180 184 188 4428 4434 (1305)
170 180 184 188 4428 4434 4438 (1302)
170 180 184 188 4428 4438 (1327)
170 180 184 188 4428 4438 7062 (1309)
170 180 184 188 4428 7062 (1313)
170 180 184 188 4432 (1317)
170 180 184 188 4432 4438 (1313)
170 180 184 188 4432 7062 (1300)
170 180 184 188 4434 (1313)
170 180 184 188 4434 4438 (1310)
170 180 184 188 4438 (1335)
170 180 184 188 4438 4940 (1301)
170 180 184 188 4438 7062 (1317)
170 180 184 188 4940 (1305)
170 180 184 188 7062 (1321)
170 180 184 188 7092 (1302)
170 180 184 4426 (1363)
170 180 184 4426 4428 (1359)
170 180 184 4426 4428 4430 (1310)
170 180 184 4426 4428 4430 4438 (1306)
170 180 184 4426 4428 4432 (1338)
170 180 184 4426 4428 4432 4434 (1313)
170 180 184 4426 4428 4432 4434 4438 (1310)
170 180 184 4426 4428 4432 4438 (1334)
170 180 184 4426 4428 4432 4438 7062 (1317)
170 180 184 4426 4428 4432 4940 (1303)
170 180 184 4426 4428 4432 7062 (1321)
170 180 184 4426 4428 4434 (1332)
170 180 184 4426 4428 4434 4438 (1329)
170 180 184 4426 4428 4434 4438 7062 (1312)
170 180 184 4426 4428 4434 7062 (1315)
170 180 184 4426 4428 4438 (1355)
170 180 184 4426 4428 4438 4940 (1320)
170 180 184 4426 4428 4438 4940 7062 (1302)
170 180 184 4426 4428 4438 7062 (1337)
170 180 184 4426 4428 4438 7092 (1316)
170 180 184 4426 4428 4940 (1324)
170 180 184 4426 4428 4940 7062 (1306)
170 180 184 4426 4428 7062 (1341)
170 180 184 4426 4428 7062 7092 (1302)
170 180 184 4426 4428 7092 (1320)
170 180 184 4426 4430 (1313)
170 180 184 4426 4430 4438 (1309)
170 180 184 4426 4432 (1341)
170 180 184 4426 4432 4434 (1316)
170 180 184 4426 4432 4434 4438 (1313)
170 180 184 4426 4432 4434 7062 (1300)
170 180 184 4426 4432 4438 (1337)
170 180 184 4426 4432 4438 4940 (1302)
170 180 184 4426 4432 4438 7062 (1320)
170 180 184 4426 4432 4940 (1306)
170 180 184 4426 4432 7062 (1324)
170 180 184 4426 4432 7092 (1302)
170 180 184 4426 4434 (1336)
170 180 184 4426 4434 4438 (1333)
170 180 184 4426 4434 4438 7062 (1316)
170 180 184 4426 4434 4940 (1301)
170 180 184 4426 4434 7062 (1319)
170 180 184 4426 4436 (1301)
170 180 184 4426 4438 (1359)
170 180 184 4426 4438 4940 (1324)
170 180 184 4426 4438 4940 7062 (1306)
170 180 184 4426 4438 7062 (1341)
170 180 184 4426 4438 7062 7092 (1302)
170 180 184 4426 4438 7092 (1320)
170 180 184 4426 4940 (1328)
170 180 184 4426 4940 7062 (1310)
170 180 184 4426 7062 (1345)
170 180 184 4426 7062 7092 (1306)
170 180 184 4426 7092 (1324)
170 180 184 4428 (1369)
170 180 184 4428 4430 (1320)
170 180 184 4428 4430 4432 (1303)
170 180 184 4428 4430 4438 (1316)
170 180 184 4428 4430 7062 (1302)
170 180 184 4428 4432 (1348)
170 180 184 4428 4432 4434 (1323)
170 180 184 4428 4432 4434 4438 (1320)
170 180 184 4428 4432 4434 4438 7062 (1304)
170 180 184 4428 4432 4434 7062 (1307)
170 180 184 4428 4432 4438 (1344)
170 180 184 4428 4432 4438 4940 (1309)
170 180 184 4428 4432 4438 7062 (1327)
170 180 184 4428 4432 4438 7092 (1305)
170 180 184 4428 4432 4940 (1313)
170 180 184 4428 4432 7062 (1331)
170 180 184 4428 4432 7092 (1309)
170 180 184 4428 4434 (1342)
170 180 184 4428 4434 4438 (1339)
170 180 184 4428 4434 4438 4940 (1304)
170 180 184 4428 4434 4438 7062 (1322)
170 180 184 4428 4434 4438 7092 (1301)
170 180 184 4428 4434 4940 (1307)
170 180 184 4428 4434 7062 (1325)
170 180 184 4428 4434 7092 (1304)
170 180 184 4428 4436 (1307)
170 180 184 4428 4436 4438 (1304)
170 180 184 4428 4438 (1365)
170 180 184 4428 4438 4940 (1330)
170 180 184 4428 4438 4940 7062 (1312)
170 180 184 4428 4438 7062 (1347)
170 180 184 4428 4438 7062 7092 (1308)
170 180 184 4428 4438 7092 (1326)
170 180 184 4428 4940 (1334)
170 180 184 4428 4940 7062 (1316)
170 180 184 4428 7062 (1351)
170 180 184 4428 7062 7092 (1312)
170 180 184 4428 7092 (1330)
170 180 184 4430 (1325)
170 180 184 4430 4432 (1308)
170 180 184 4430 4432 4438 (1304)
170 180 184 4430 4438 (1321)
170 180 184 4430 4438 7062 (1303)
170 180 184 4430 7062 (1307)
170 180 184 4432 (1355)
170 180 184 4432 4434 (1330)
170 180 184 4432 4434 4438 (1327)
170 180 184 4432 4434 4438 7062 (1311)
170 180 184 4432 4434 7062 (1314)
170 180 184 4432 4438 (1351)
170 180 184 4432 4438 4940 (1316)
170 180 184 4432 4438 7062 (1334)
170 180 184 4432 4438 7092 (1312)
170 180 184 4432 4940 (1320)
170 180 184 4432 4940 7062 (1303)
170 180 184 4432 7062 (1338)
170 180 184 4432 7092 (1316)
170 180 184 4434 (1350)
170 180 184 4434 4438 (1347)
170 180 184 4434 4438 4940 (1312)
170 180 184 4434 4438 7062 (1330)
170 180 184 4434 4438 7092 (1309)
170 180 184 4434 4940 (1315)
170 180 184 4434 7062 (1333)
170 180 184 4434 7092 (1312)
170 180 184 4436 (1316)
170 180 184 4436 4438 (1313)
170 180 184 4438 (1374)
170 180 184 4438 4940 (1339)
170 180 184 4438 4940 7062 (1321)
170 180 184 4438 4940 7092 (1302)
170 180 184 4438 7062 (1356)
170 180 184 4438 7062 7092 (1317)
170 180 184 4438 7092 (1335)
170 180 184 4940 (1343)
170 180 184 4940 7062 (1325)
170 180 184 4940 7092 (1306)
170 180 184 7062 (1360)
170 180 184 7062 7092 (1321)
170 180 184 7092 (1339)
170 180 188 (1339)
170 180 188 4426 (1325)
170 180 188 4426 4428 (1321)
170 180 188 4426 4428 4432 (1300)
170 180 188 4426 4428 4438 (1317)
170 180 188 4426 4428 7062 (1303)
170 180 188 4426 4432 (1303)
170 180 188 4426 4438 (1321)
170 180 188 4426 4438 7062 (1303)
170 180 188 4426 7062 (1307)
170 180 188 4428 (1331)
170 180 188 4428 4432 (1310)
170 180 188 4428 4432 4438 (1306)
170 180 188 4428 4434 (1305)
170 180 188 4428 4434 4438 (1302)
170 180 188 4428 4438 (1327)
170 180 188 4428 4438 7062 (1309)
170 180 188 4428 7062 (1313)
170 180 188 4432 (1317)
170 180 188 4432 4438 (1313)
170 180 188 4432 7062 (1300)
170 180 188 4434 (1313)
170 180 188 4434 4438 (1310)
170 180 188 4438 (1335)
170 180 188 4438 4940 (1301)
170 180 188 4438 7062 (1317)
170 180 188 4940 (1305)
170 180 188 7062 (1321)
170 180 188 7092 (1302)
170 180 4426 (1363)
170 180 4426 4428 (1359)
170 180 4426 4428 4430 (1310)
170 180 4426 4428 4430 4438 (1306)
170 180 4426 4428 4432 (1338)
170 180 4426 4428 4432 4434 (1313)
170 180 4426 4428 4432 4434 4438 (1310)
170 180 4426 4428 4432 4438 (1334)
170 180 4426 4428 4432 4438 7062 (1317)
170 180 4426 4428 4432 4940 (1303)
170 180 4426 4428 4432 7062 (1321)
170 180 4426 4428 4434 (1332)
170 180 4426 4428 4434 4438 (1329)
170 180 4426 4428 4434 4438 7062 (1312)
170 180 4426 4428 4434 7062 (1315)
170 180 4426 4428 4438 (1355)
170 180 4426 4428 4438 4940 (1320)
170 180 4426 4428 4438 4940 7062 (1302)
170 180 4426 4428 4438 7062 (1337)
170 180 4426 4428 4438 7092 (1316)
170 180 4426 4428 4940 (1324)
170 180 4426 4428 4940 7062 (1306)
170 180 4426 4428 7062 (1341)
170 180 4426 4428 7062 7092 (1302)
170 180 4426 4428 7092 (1320)
170 180 4426 4430 (1313)
170 180 4426 4430 4438 (1309)
170 180 4426 4432 (1341)
170 180 4426 4432 4434 (1316)
170 180 4426 4432 4434 4438 (1313)
170 180 4426 4432 4434 7062 (1300)
170 180 4426 4432 4438 (1337)
170 180 4426 4432 4438 4940 (1302)
170 180 4426 4432 4438 7062 (1320)
170 180 4426 4432 4940 (1306)
170 180 4426 4432 7062 (1324)
170 180 4426 4432 7092 (1302)
170 180 4426 4434 (1336)
170 180 4426 4434 4438 (1333)
170 180 4426 4434 4438 7062 (1316)
170 180 4426 4434 4940 (1301)
170 180 4426 4434 7062 (1319)
170 180 4426 4436 (1301)
170 180 4426 4438 (1359)
170 180 4426 4438 4940 (1324)
170 180 4426 4438 4940 7062 (1306)
170 180 4426 4438 7062 (1341)
170 180 4426 4438 7062 7092 (1302)
170 180 4426 4438 7092 (1320)
170 180 4426 4940 (1328)
170 180 4426 4940 7062 (1310)
170 180 4426 7062 (1345)
170 180 4426 7062 7092 (1306)
170 180 4426 7092 (1324)
170 180 4428 (1369)
170 180 4428 4430 (1320)
170 180 4428 4430 4432 (1303)
170 180 4428 4430 4438 (1316)
170 180 4428 4430 7062 (1302)
170 180 4428 4432 (1348)
170 180 4428 4432 4434 (1323)
170 180 4428 4432 4434 4438 (1320)
170 180 4428 4432 4434 4438 7062 (1304)
170 180 4428 4432 4434 7062 (1307)
170 180 4428 4432 4438 (1344)
170 180 4428 4432 4438 4940 (1309)
170 180 4428 4432 4438 7062 (1327)
170 180 4428 4432 4438 7092 (1305)
170 180 4428 4432 4940 (1313)
170 180 4428 4432 7062 (1331)
170 180 4428 4432 7092 (1309)
170 180 4428 4434 (1342)
170 180 4428 4434 4438 (1339)
170 180 4428 4434 4438 4940 (1304)
170 180 4428 4434 4438 7062 (1322)
170 180 4428 4434 4438 7092 (1301)
170 180 4428 4434 4940 (1307)
170 180 4428 4434 7062 (1325)
170 180 4428 4434 7092 (1304)
170 180 4428 4436 (1307)
170 180 4428 4436 4438 (1304)
170 180 4428 4438 (1365)
170 180 4428 4438 4940 (1330)
170 180 4428 4438 4940 7062 (1312)
170 180 4428 4438 7062 (1347)
170 180 4428 4438 7062 7092 (1308)
170 180 4428 4438 7092 (1326)
170 180 4428 4940 (1334)
170 180 4428 4940 7062 (1316)
170 180 4428 7062 (1351)
170 180 4428 7062 7092 (1312)
170 180 4428 7092 (1330)
170 180 4430 (1325)
170 180 4430 4432 (1308)
170 180 4430 4432 4438 (1304)
170 180 4430 4438 (1321)
170 180 4430 4438 7062 (1303)
170 180 4430 7062 (1307)
170 180 4432 (1355)
170 180 4432 4434 (1330)
170 180 4432 4434 4438 (1327)
170 180 4432 4434 4438 7062 (1311)
170 180 4432 4434 7062 (1314)
170 180 4432 4438 (1351)
170 180 4432 4438 4940 (1316)
170 180 4432 4438 7062 (1334)
170 180 4432 4438 7092 (1312)
170 180 4432 4940 (1320)
170 180 4432 4940 7062 (1303)
170 180 4432 7062 (1338)
170 180 4432 7092 (1316)
170 180 4434 (1350)
170 180 4434 4438 (1347)
170 180 4434 4438 4940 (1312)
170 180 4434 4438 7062 (1330)
170 180 4434 4438 7092 (1309)
170 180 4434 4940 (1315)
170 180 4434 7062 (1333)
170 180 4434 7092 (1312)
170 180 4436 (1316)
170 180 4436 4438 (1313)
170 180 4438 (1374)
170 180 4438 4940 (1339)
170 180 4438 4940 7062 (1321)
170 180 4438 4940 7092 (1302)
170 180 4438 7062 (1356)
170 180 4438 7062 7092 (1317)
170 180 4438 7092 (1335)
170 180 4940 (1343)
170 180 4940 7062 (1325)
170 180 4940 7092 (1306)
170 180 7062 (1360)
170 180 7062 7092 (1321)
170 180 7092 (1339)
170 184 (1378)
170 184 188 (1339)
170 184 188 4426 (1325)
170 184 188 4426 4428 (1321)
170 184 188 4426 4428 4432 (1300)
170 184 188 4426 4428 4438 (1317)
170 184 188 4426 4428 7062 (1303)
170 184 188 4426 4432 (1303)
170 184 188 4426 4438 (1321)
170 184 188 4426 4438 7062 (1303)
170 184 188 4426 7062 (1307)
170 184 188 4428 (1331)
170 184 188 4428 4432 (1310)
170 184 188 4428 4432 4438 (1306)
170 184 188 4428 4434 (1305)
170 184 188 4428 4434 4438 (1302)
170 184 188 4428 4438 (1327)
170 184 188 4428 4438 7062 (1309)
170 184 188 4428 7062 (1313)
170 184 188 4432 (1317)
170 184 188 4432 4438 (1313)
170 184 188 4432 7062 (1300)
170 184 188 4434 (1313)
170 184 188 4434 4438 (1310)
170 184 188 4438 (1335)
170 184 188 4438 4940 (1301)
170 184 188 4438 7062 (1317)
170 184 188 4940 (1305)
170 184 188 7062 (1321)
170 184 188 7092 (1302)
170 184 4426 (1363)
170 184 4426 4428 (1359)
170 184 4426 4428 4430 (1310)
170 184 4426 4428 4430 4438 (1306)
170 184 4426 4428 4432 (1338)
170 184 4426 4428 4432 4434 (1313)
170 184 4426 4428 4432 4434 4438 (1310)
170 184 4426 4428 4432 4438 (1334)
170 184 4426 4428 4432 4438 7062 (1317)
170 184 4426 4428 4432 4940 (1303)
170 184 4426 4428 4432 7062 (1321)
170 184 4426 4428 4434 (1332)
170 184 4426 4428 4434 4438 (1329)
170 184 4426 4428 4434 4438 7062 (1312)
170 184 4426 4428 4434 7062 (1315)
170 184 4426 4428 4438 (1355)
170 184 4426 4428 4438 4940 (1320)
170 184 4426 4428 4438 4940 7062 (1302)
170 184 4426 4428 4438 7062 (1337)
170 184 4426 4428 4438 7092 (1316)
170 184 4426 4428 4940 (1324)
170 184 4426 4428 4940 7062 (1306)
170 184 4426 4428 7062 (1341)
170 184 4426 4428 7062 7092 (1302)
170 184 4426 4428 7092 (1320)
170 184 4426 4430 (1313)
170 184 4426 4430 4438 (1309)
170 184 4426 4432 (1341)
170 184 4426 4432 4434 (1316)
170 184 4426 4432 4434 4438 (1313)
170 184 4426 4432 4434 7062 (1300)
170 184 4426 4432 4438 (1337)
170 184 4426 4432 4438 4940 (1302)
170 184 4426 4432 4438 7062 (1320)
170 184 4426 4432 4940 (1306)
170 184 4426 4432 7062 (1324)
170 184 4426 4432 7092 (1302)
170 184 4426 4434 (1336)
170 184 4426 4434 4438 (1333)
170 184 4426 4434 4438 7062 (1316)
170 184 4426 4434 4940 (1301)
170 184 4426 4434 7062 (1319)
170 184 4426 4436 (1301)
170 184 4426 4438 (1359)
170 184 4426 4438 4940 (1324)
170 184 4426 4438 4940 7062 (1306)
170 184 4426 4438 7062 (1341)
170 184 4426 4438 7062 7092 (1302)
170 184 4426 4438 7092 (1320)
170 184 4426 4940 (1328)
170 184 4426 4940 7062 (1310)
170 184 4426 7062 (1345)
170 184 4426 7062 7092 (1306)
170 184 4426 7092 (1324)
170 184 4428 (1369)
170 184 4428 4430 (1320)
170 184 4428 4430 4432 (1303)
170 184 4428 4430 4438 (1316)
170 184 4428 4430 7062 (1302)
170 184 4428 4432 (1348)
170 184 4428 4432 4434 (1323)
170 184 4428 4432 4434 4438 (1320)
170 184 4428 4432 4434 4438 7062 (1304)
170 184 4428 4432 4434 7062 (1307)
170 184 4428 4432 4438 (1344)
170 184 4428 4432 4438 4940 (1309)
170 184 4428 4432 4438 7062 (1327)
170 184 4428 4432 4438 7092 (1305)
170 184 4428 4432 4940 (1313)
170 184 4428 4432 7062 (1331)
170 184 4428 4432 7092 (1309)
170 184 4428 4434 (1342)
170 184 4428 4434 4438 (1339)
170 184 4428 4434 4438 4940 (1304)
170 184 4428 4434 4438 7062 (1322)
170 184 4428 4434 4438 7092 (1301)
170 184 4428 4434 4940 (1307)
170 184 4428 4434 7062 (1325)
170 184 4428 4434 7092 (1304)
170 184 4428 4436 (1307)
170 184 4428 4436 4438 (1304)
170 184 4428 4438 (1365)
170 184 4428 4438 4940 (1330)
170 184 4428 4438 4940 7062 (1312)
170 184 4428 4438 7062 (1347)
170 184 4428 4438 7062 7092 (1308)
170 184 4428 4438 7092 (1326)
170 184 4428 4940 (1334)
170 184 4428 4940 7062 (1316)
170 184 4428 7062 (1351)
170 184 4428 7062 7092 (1312)
170 184 4428 7092 (1330)
170 184 4430 (1325)
170 184 4430 4432 (1308)
170 184 4430 4432 4438 (1304)
170 184 4430 4438 (1321)
170 184 4430 4438 7062 (1303)
170 184 4430 7062 (1307)
170 184 4432 (1355)
170 184 4432 4434 (1330)
170 184 4432 4434 4438 (1327)
170 184 4432 4434 4438 7062 (1311)
170 184 4432 4434 7062 (1314)
170 184 4432 4438 (1351)
170 184 4432 4438 4940 (1316)
170 184 4432 4438 7062 (1334)
170 184 4432 4438 7092 (1312)
170 184 4432 4940 (1320)
170 184 4432 4940 7062 (1303)
170 184 4432 7062 (1338)
170 184 4432 7092 (1316)
170 184 4434 (1350)
170 184 4434 4438 (1347)
170 184 4434 4438 4940 (1312)
170 184 4434 4438 7062 (1330)
170 184 4434 4438 7092 (1309)
170 184 4434 4940 (1315)
170 184 4434 7062 (1333)
170 184 4434 7092 (1312)
170 184 4436 (1316)
170 184 4436 4438 (1313)
170 184 4438 (1374)
170 184 4438 4940 (1339)
170 184 4438 4940 7062 (1321)
170 184 4438 4940 7092 (1302)
170 184 4438 7062 (1356)
170 184 4438 7062 7092 (1317)
170 184 4438 7092 (1335)
170 184 4940 (1343)
170 184 4940 7062 (1325)
170 184 4940 7092 (1306)
170 184 7062 (1360)
170 184 7062 7092 (1321)
170 184 7092 (1339)
170 188 (1352)
170 188 4426 (1338)
170 188 4426 4428 (1334)
170 188 4426 4428 4432 (1313)
170 188 4426 4428 4432 4438 (1309)
170 188 4426 4428 4434 (1308)
170 188 4426 4428 4434 4438 (1305)
170 188 4426 4428 4438 (1330)
170 188 4426 4428 4438 7062 (1312)
170 188 4426 4428 4940 (1300)
170 188 4426 4428 7062 (1316)
170 188 4426 4432 (1316)
170 188 4426 4432 4438 (1312)
170 188 4426 4434 (1312)
170 188 4426 4434 4438 (1309)
170 188 4426 4438 (1334)
170 188 4426 4438 4940 (1300)
170 188 4426 4438 7062 (1316)
170 188 4426 4940 (1304)
170 188 4426 7062 (1320)
170 188 4426 7092 (1300)
170 188 4428 (1344)
170 188 4428 4432 (1323)
170 188 4428 4432 4438 (1319)
170 188 4428 4432 4438 7062 (1302)
170 188 4428 4432 7062 (1306)
170 188 4428 4434 (1318)
170 188 4428 4434 4438 (1315)
170 188 4428 4434 7062 (1301)
170 188 4428 4438 (1340)
170 188 4428 4438 4940 (1306)
170 188 4428 4438 7062 (1322)
170 188 4428 4438 7092 (1302)
170 188 4428 4940 (1310)
170 188 4428 7062 (1326)
170 188 4428 7092 (1306)
170 188 4430 (1300)
170 188 4432 (1330)
170 188 4432 4434 (1306)
170 188 4432 4434 4438 (1303)
170 188 4432 4438 (1326)
170 188 4432 4438 7062 (1309)
170 188 4432 7062 (1313)
170 188 4434 (1326)
170 188 4434 4438 (1323)
170 188 4434 4438 7062 (1306)
170 188 4434 7062 (1309)
170 188 4438 (1348)
170 188 4438 4940 (1314)
170 188 4438 7062 (1330)
170 188 4438 7092 (1310)
170 188 4940 (1318)
170 188 4940 7062 (1300)
170 188 7062 (1334)
170 188 7092 (1314)
170 3404 (1300)
170 3404 4404 (1300)
170 4404 (1300)
170 4426 (1377)
170 4426 4428 (1373)
170 4426 4428 4430 (1324)
170 4426 4428 4430 4432 (1307)
170 4426 4428 4430 4432 4438 (1303)
170 4426 4428 4430 4438 (1320)
170 4426 4428 4430 4438 7062 (1302)
170 4426 4428 4430 7062 (1306)
170 4426 4428 4432 (1352)
170 4426 4428 4432 4434 (1327)
170 4426 4428 4432 4434 4438 (1324)
170 4426 4428 4432 4434 4438 7062 (1308)
170 4426 4428 4432 4434 7062 (1311)
170 4426 4428 4432 4438 (1348)
170 4426 4428 4432 4438 4940 (1313)
170 4426 4428 4432 4438 7062 (1331)
170 4426 4428 4432 4438 7092 (1308)
170 4426 4428 4432 4940 (1317)
170 4426 4428 4432 4940 7062 (1300)
170 4426 4428 4432 7062 (1335)
170 4426 4428 4432 7092 (1312)
170 4426 4428 4434 (1346)
170 4426 4428 4434 4438 (1343)
170 4426 4428 4434 4438 4940 (1308)
170 4426 4428 4434 4438 7062 (1326)
170 4426 4428 4434 4438 7092 (1304)
170 4426 4428 4434 4940 (1311)
170 4426 4428 4434 7062 (1329)
170 4426 4428 4434 7092 (1307)
170 4426 4428 4436 (1311)
170 4426 4428 4436 4438 (1308)
170 4426 4428 4438 (1369)
170 4426 4428 4438 4940 (1334)
170 4426 4428 4438 4940 7062 (1316)
170 4426 4428 4438 7062 (1351)
170 4426 4428 4438 7062 7092 (1311)
170 4426 4428 4438 7092 (1329)
170 4426 4428 4940 (1338)
170 4426 4428 4940 7062 (1320)
170 4426 4428 4940 7092 (1300)
170 4426 4428 7062 (1355)
170 4426 4428 7062 7092 (1315)
170 4426 4428 7092 (1333)
170 4426 4430 (1327)
170 4426 4430 4432 (1310)
170 4426 4430 4432 4438 (1306)
170 4426 4430 4434 (1300)
170 4426 4430 4438 (1323)
170 4426 4430 4438 7062 (1305)
170 4426 4430 7062 (1309)
170 4426 4432 (1355)
170 4426 4432 4434 (1330)
170 4426 4432 4434 4438 (1327)
170 4426 4432 4434 4438 7062 (1311)
170 4426 4432 4434 7062 (1314)
170 4426 4432 4438 (1351)
170 4426 4432 4438 4940 (1316)
170 4426 4432 4438 7062 (1334)
170 4426 4432 4438 7092 (1311)
170 4426 4432 4940 (1320)
170 4426 4432 4940 7062 (1303)
170 4426 4432 7062 (1338)
170 4426 4432 7092 (1315)
170 4426 4434 (1350)
170 4426 4434 4438 (1347)
170 4426 4434 4438 4940 (1312)
170 4426 4434 4438 7062 (1330)
170 4426 4434 4438 7092 (1308)
170 4426 4434 4940 (1315)
170 4426 4434 7062 (1333)
170 4426 4434 7092 (1311)
170 4426 4436 (1315)
170 4426 4436 4438 (1312)
170 4426 4438 (1373)
170 4426 4438 4940 (1338)
170 4426 4438 4940 7062 (1320)
170 4426 4438 4940 7092 (1300)
170 4426 4438 7062 (1355)
170 4426 4438 7062 7092 (1315)
170 4426 4438 7092 (1333)
170 4426 4940 (1342)
170 4426 4940 7062 (1324)
170 4426 4940 7092 (1304)
170 4426 7062 (1359)
170 4426 7062 7092 (1319)
170 4426 7092 (1337)
170 4428 (1383)
170 4428 4430 (1334)
170 4428 4430 4432 (1317)
170 4428 4430 4432 4438 (1313)
170 4428 4430 4432 7062 (1300)
170 4428 4430 4434 (1307)
170 4428 4430 4434 4438 (1304)
170 4428 4430 4438 (1330)
170 4428 4430 4438 7062 (1312)
170 4428 4430 4940 (1300)
170 4428 4430 7062 (1316)
170 4428 4432 (1362)
170 4428 4432 4434 (1337)
170 4428 4432 4434 4438 (1334)
170 4428 4432 4434 4438 7062 (1318)
170 4428 4432 4434 4940 (1302)
170 4428 4432 4434 7062 (1321)
170 4428 4432 4436 (1301)
170 4428 4432 4438 (1358)
170 4428 4432 4438 4940 (1323)
170 4428 4432 4438 4940 7062 (1306)
170 4428 4432 4438 7062 (1341)
170 4428 4432 4438 7062 7092 (1301)
170 4428 4432 4438 7092 (1318)
170 4428 4432 4940 (1327)
170 4428 4432 4940 7062 (1310)
170 4428 4432 7062 (1345)
170 4428 4432 7062 7092 (1305)
170 4428 4432 7092 (1322)
170 4428 4434 (1356)
170 4428 4434 4436 (1300)
170 4428 4434 4438 (1353)
170 4428 4434 4438 4940 (1318)
170 4428 4434 4438 4940 7062 (1301)
170 4428 4434 4438 7062 (1336)
170 4428 4434 4438 7092 (1314)
170 4428 4434 4940 (1321)
170 4428 4434 4940 7062 (1304)
170 4428 4434 7062 (1339)
170 4428 4434 7062 7092 (1300)
170 4428 4434 7092 (1317)
170 4428 4436 (1321)
170 4428 4436 4438 (1318)
170 4428 4436 4438 7062 (1301)
170 4428 4436 7062 (1304)
170 4428 4438 (1379)
170 4428 4438 4940 (1344)
170 4428 4438 4940 7062 (1326)
170 4428 4438 4940 7092 (1306)
170 4428 4438 7062 (1361)
170 4428 4438 7062 7092 (1321)
170 4428 4438 7092 (1339)
170 4428 4940 (1348)
170 4428 4940 7062 (1330)
170 4428 4940 7092 (1310)
170 4428 7062 (1365)
170 4428 7062 7092 (1325)
170 4428 7092 (1343)
170 4428 7112 (1303)
170 4430 (1339)
170 4430 4432 (1322)
170 4430 4432 4438 (1318)
170 4430 4432 4438 7062 (1301)
170 4430 4432 7062 (1305)
170 4430 4434 (1312)
170 4430 4434 4438 (1309)
170 4430 4438 (1335)
170 4430 4438 4940 (1301)
170 4430 4438 7062 (1317)
170 4430 4940 (1305)
170 4430 7062 (1321)
170 4432 (1369)
170 4432 4434 (1344)
170 4432 4434 4438 (1341)
170 4432 4434 4438 4940 (1306)
170 4432 4434 4438 7062 (1325)
170 4432 4434 4438 7092 (1302)
170 4432 4434 4940 (1309)
170 4432 4434 7062 (1328)
170 4432 4434 7092 (1305)
170 4432 4436 (1308)
170 4432 4436 4438 (1305)
170 4432 4438 (1365)
170 4432 4438 4940 (1330)
170 4432 4438 4940 7062 (1313)
170 4432 4438 7062 (1348)
170 4432 4438 7062 7092 (1308)
170 4432 4438 7092 (1325)
170 4432 4940 (1334)
170 4432 4940 7062 (1317)
170 4432 7062 (1352)
170 4432 7062 7092 (1312)
170 4432 7092 (1329)
170 4434 (1364)
170 4434 4436 (1308)
170 4434 4436 4438 (1305)
170 4434 4438 (1361)
170 4434 4438 4940 (1326)
170 4434 4438 4940 7062 (1309)
170 4434 4438 7062 (1344)
170 4434 4438 7062 7092 (1305)
170 4434 4438 7092 (1322)
170 4434 4940 (1329)
170 4434 4940 7062 (1312)
170 4434 7062 (1347)
170 4434 7062 7092 (1308)
170 4434 7092 (1325)
170 4436 (1330)
170 4436 4438 (1327)
170 4436 4438 7062 (1310)
170 4436 7062 (1313)
170 4438 (1388)
170 4438 4940 (1353)
170 4438 4940 7062 (1335)
170 4438 4940 7092 (1315)
170 4438 7062 (1370)
170 4438 7062 7092 (1330)
170 4438 7092 (1348)
170 4438 7102 (1304)
170 4438 7112 (1307)
170 4940 (1357)
170 4940 7062 (1339)
170 4940 7062 7092 (1301)
170 4940 7092 (1319)
170 7062 (1374)
170 7062 7092 (1334)
170 7092 (1352)
170 7102 (1305)
170 7112 (1311)
180 (1382)
180 184 (1382)
180 184 188 (1342)
180 184 188 4426 (1328)
180 184 188 4426 4428 (1324)
180 184 188 4426 4428 4432 (1303)
180 184 188 4426 4428 4438 (1320)
180 184 188 4426 4428 4438 7062 (1302)
180 184 188 4426 4428 7062 (1306)
180 184 188 4426 4432 (1306)
180 184 188 4426 4432 4438 (1302)
180 184 188 4426 4434 (1301)
180 184 188 4426 4438 (1324)
180 184 188 4426 4438 7062 (1306)
180 184 188 4426 7062 (1310)
180 184 188 4428 (1334)
180 184 188 4428 4432 (1313)
180 184 188 4428 4432 4438 (1309)
180 184 188 4428 4434 (1307)
180 184 188 4428 4434 4438 (1304)
180 184 188 4428 4438 (1330)
180 184 188 4428 4438 7062 (1312)
180 184 188 4428 4940 (1300)
180 184 188 4428 7062 (1316)
180 184 188 4432 (1320)
180 184 188 4432 4438 (1316)
180 184 188 4432 7062 (1303)
180 184 188 4434 (1315)
180 184 188 4434 4438 (1312)
180 184 188 4438 (1338)
180 184 188 4438 4940 (1304)
180 184 188 4438 7062 (1320)
180 184 188 4438 7092 (1301)
180 184 188 4940 (1308)
180 184 188 7062 (1324)
180 184 188 7092 (1305)
180 184 4426 (1367)
180 184 4426 4428 (1363)
180 184 4426 4428 4430 (1314)
180 184 4426 4428 4430 4438 (1310)
180 184 4426 4428 4432 (1342)
180 184 4426 4428 4432 4434 (1316)
180 184 4426 4428 4432 4434 4438 (1313)
180 184 4426 4428 4432 4434 7062 (1300)
180 184 4426 4428 4432 4438 (1338)
180 184 4426 4428 4432 4438 4940 (1303)
180 184 4426 4428 4432 4438 7062 (1321)
180 184 4426 4428 4432 4940 (1307)
180 184 4426 4428 4432 7062 (1325)
180 184 4426 4428 4432 7092 (1303)
180 184 4426 4428 4434 (1335)
180 184 4426 4428 4434 4438 (1332)
180 184 4426 4428 4434 4438 7062 (1315)
180 184 4426 4428 4434 4940 (1300)
180 184 4426 4428 4434 7062 (1318)
180 184 4426 4428 4436 (1301)
180 184 4426 4428 4438 (1359)
180 184 4426 4428 4438 4940 (1324)
180 184 4426 4428 4438 4940 7062 (1306)
180 184 4426 4428 4438 7062 (1341)
180 184 4426 4428 4438 7062 7092 (1302)
180 184 4426 4428 4438 7092 (1320)
180 184 4426 4428 4940 (1328)
180 184 4426 4428 4940 7062 (1310)
180 184 4426 4428 7062 (1345)
180 184 4426 4428 7062 7092 (1306)
180 184 4426 4428 7092 (1324)
180 184 4426 4430 (1317)
180 184 4426 4430 4432 (1300)
180 184 4426 4430 4438 (1313)
180 184 4426 4432 (1345)
180 184 4426 4432 4434 (1319)
180 184 4426 4432 4434 4438 (1316)
180 184 4426 4432 4434 4438 7062 (1300)
180 184 4426 4432 4434 7062 (1303)
180 184 4426 4432 4438 (1341)
180 184 4426 4432 4438 4940 (1306)
180 184 4426 4432 4438 7062 (1324)
180 184 4426 4432 4438 7092 (1302)
180 184 4426 4432 4940 (1310)
180 184 4426 4432 7062 (1328)
180 184 4426 4432 7092 (1306)
180 184 4426 4434 (1339)
180 184 4426 4434 4438 (1336)
180 184 4426 4434 4438 4940 (1301)
180 184 4426 4434 4438 7062 (1319)
180 184 4426 4434 4940 (1304)
180 184 4426 4434 7062 (1322)
180 184 4426 4434 7092 (1301)
180 184 4426 4436 (1305)
180 184 4426 4436 4438 (1302)
180 184 4426 4438 (1363)
180 184 4426 4438 4940 (1328)
180 184 4426 4438 4940 7062 (1310)
180 184 4426 4438 7062 (1345)
180 184 4426 4438 7062 7092 (1306)
180 184 4426 4438 7092 (1324)
180 184 4426 4940 (1332)
180 184 4426 4940 7062 (1314)
180 184 4426 7062 (1349)
180 184 4426 7062 7092 (1310)
180 184 4426 7092 (1328)
180 184 4428 (1373)
180 184 4428 4430 (1324)
180 184 4428 4430 4432 (1307)
180 184 4428 4430 4432 4438 (1303)
180 184 4428 4430 4438 (1320)
180 184 4428 4430 4438 7062 (1302)
180 184 4428 4430 7062 (1306)
180 184 4428 4432 (1352)
180 184 4428 4432 4434 (1326)
180 184 4428 4432 4434 4438 (1323)
180 184 4428 4432 4434 4438 7062 (1307)
180 184 4428 4432 4434 7062 (1310)
180 184 4428 4432 4438 (1348)
180 184 4428 4432 4438 4940 (1313)
180 184 4428 4432 4438 7062 (1331)
180 184 4428 4432 4438 7092 (1309)
180 184 4428 4432 4940 (1317)
180 184 4428 4432 4940 7062 (1300)
180 184 4428 4432 7062 (1335)
180 184 4428 4432 7092 (1313)
180 184 4428 4434 (1345)
180 184 4428 4434 4438 (1342)
180 184 4428 4434 4438 4940 (1307)
180 184 4428 4434 4438 7062 (1325)
180 184 4428 4434 4438 7092 (1304)
180 184 4428 4434 4940 (1310)
180 184 4428 4434 7062 (1328)
180 184 4428 4434 7092 (1307)
180 184 4428 4436 (1311)
180 184 4428 4436 4438 (1308)
180 184 4428 4438 (1369)
180 184 4428 4438 4940 (1334)
180 184 4428 4438 4940 7062 (1316)
180 184 4428 4438 7062 (1351)
180 184 4428 4438 7062 7092 (1312)
180 184 4428 4438 7092 (1330)
180 184 4428 4940 (1338)
180 184 4428 4940 7062 (1320)
180 184 4428 4940 7092 (1301)
180 184 4428 7062 (1355)
180 184 4428 7062 7092 (1316)
180 184 4428 7092 (1334)
180 184 4430 (1329)
180 184 4430 4432 (1312)
180 184 4430 4432 4438 (1308)
180 184 4430 4434 (1301)
180 184 4430 4438 (1325)
180 184 4430 4438 7062 (1307)
180 184 4430 7062 (1311)
180 184 4432 (1359)
180 184 4432 4434 (1333)
180 184 4432 4434 4438 (1330)
180 184 4432 4434 4438 7062 (1314)
180 184 4432 4434 7062 (1317)
180 184 4432 4438 (1355)
180 184 4432 4438 4940 (1320)
180 184 4432 4438 4940 7062 (1303)
180 184 4432 4438 7062 (1338)
180 184 4432 4438 7092 (1316)
180 184 4432 4940 (1324)
180 184 4432 4940 7062 (1307)
180 184 4432 7062 (1342)
180 184 4432 7062 7092 (1303)
180 184 4432 7092 (1320)
180 184 4434 (1353)
180 184 4434 4438 (1350)
180 184 4434 4438 4940 (1315)
180 184 4434 4438 7062 (1333)
180 184 4434 4438 7092 (1312)
180 184 4434 4940 (1318)
180 184 4434 4940 7062 (1301)
180 184 4434 7062 (1336)
180 184 4434 7092 (1315)
180 184 4436 (1320)
180 184 4436 4438 (1317)
180 184 4436 4438 7062 (1300)
180 184 4436 7062 (1303)
180 184 4438 (1378)
180 184 4438 4940 (1343)
180 184 4438 4940 7062 (1325)
180 184 4438 4940 7092 (1306)
180 184 4438 7062 (1360)
180 184 4438 7062 7092 (1321)
180 184 4438 7092 (1339)
180 184 4940 (1347)
180 184 4940 7062 (1329)
180 184 4940 7092 (1310)
180 184 7062 (1364)
180 184 7062 7092 (1325)
180 184 7092 (1343)
180 184 7112 (1301)
180 188 (1342)
180 188 4426 (1328)
180 188 4426 4428 (1324)
180 188 4426 4428 4432 (1303)
180 188 4426 4428 4438 (1320)
180 188 4426 4428 4438 7062 (1302)
180 188 4426 4428 7062 (1306)
180 188 4426 4432 (1306)
180 188 4426 4432 4438 (1302)
180 188 4426 4434 (1301)
180 188 4426 4438 (1324)
180 188 4426 4438 7062 (1306)
180 188 4426 7062 (1310)
180 188 4428 (1334)
180 188 4428 4432 (1313)
180 188 4428 4432 4438 (1309)
180 188 4428 4434 (1307)
180 188 4428 4434 4438 (1304)
180 188 4428 4438 (1330)
180 188 4428 4438 7062 (1312)
180 188 4428 4940 (1300)
180 188 4428 7062 (1316)
180 188 4432 (1320)
180 188 4432 4438 (1316)
180 188 4432 7062 (1303)
180 188 4434 (1315)
180 188 4434 4438 (1312)
180 188 4438 (1338)
180 188 4438 4940 (1304)
180 188 4438 7062 (1320)
180 188 4438 7092 (1301)
180 188 4940 (1308)
180 188 7062 (1324)
180 188 7092 (1305)
180 4426 (1367)
180 4426 4428 (1363)
180 4426 4428 4430 (1314)
180 4426 4428 4430 4438 (1310)
180 4426 4428 4432 (1342)
180 4426 4428 4432 4434 (1316)
180 4426 4428 4432 4434 4438 (1313)
180 4426 4428 4432 4434 7062 (1300)
180 4426 4428 4432 4438 (1338)
180 4426 4428 4432 4438 4940 (1303)
180 4426 4428 4432 4438 7062 (1321)
180 4426 4428 4432 4940 (1307)
180 4426 4428 4432 7062 (1325)
180 4426 4428 4432 7092 (1303)
180 4426 4428 4434 (1335)
180 4426 4428 4434 4438 (1332)
180 4426 4428 4434 4438 7062 (1315)
180 4426 4428 4434 4940 (1300)
180 4426 4428 4434 7062 (1318)
180 4426 4428 4436 (1301)
180 4426 4428 4438 (1359)
180 4426 4428 4438 4940 (1324)
180 4426 4428 4438 4940 7062 (1306)
180 4426 4428 4438 7062 (1341)
180 4426 4428 4438 7062 7092 (1302)
180 4426 4428 4438 7092 (1320)
180 4426 4428 4940 (1328)
180 4426 4428 4940 7062 (1310)
180 4426 4428 7062 (1345)
180 4426 4428 7062 7092 (1306)
180 4426 4428 7092 (1324)
180 4426 4430 (1317)
180 4426 4430 4432 (1300)
180 4426 4430 4438 (1313)
180 4426 4432 (1345)
180 4426 4432 4434 (1319)
180 4426 4432 4434 4438 (1316)
180 4426 4432 4434 4438 7062 (1300)
180 4426 4432 4434 7062 (1303)
180 4426 4432 4438 (1341)
180 4426 4432 4438 4940 (1306)
180 4426 4432 4438 7062 (1324)
180 4426 4432 4438 7092 (1302)
180 4426 4432 4940 (1310)
180 4426 4432 7062 (1328)
180 4426 4432 7092 (1306)
180 4426 4434 (1339)
180 4426 4434 4438 (1336)
180 4426 4434 4438 4940 (1301)
180 4426 4434 4438 7062 (1319)
180 4426 4434 4940 (1304)
180 4426 4434 7062 (1322)
180 4426 4434 7092 (1301)
180 4426 4436 (1305)
180 4426 4436 4438 (1302)
180 4426 4438 (1363)
180 4426 4438 4940 (1328)
180 4426 4438 4940 7062 (1310)
180 4426 4438 7062 (1345)
180 4426 4438 7062 7092 (1306)
180 4426 4438 7092 (1324)
180 4426 4940 (1332)
180 4426 4940 7062 (1314)
180 4426 7062 (1349)
180 4426 7062 7092 (1310)
180 4426 7092 (1328)
180 4428 (1373)
180 4428 4430 (1324)
180 4428 4430 4432 (1307)
180 4428 4430 4432 4438 (1303)
180 4428 4430 4438 (1320)
180 4428 4430 4438 7062 (1302)
180 4428 4430 7062 (1306)
180 4428 4432 (1352)
180 4428 4432 4434 (1326)
180 4428 4432 4434 4438 (1323)
180 4428 4432 4434 4438 7062 (1307)
180 4428 4432 4434 7062 (1310)
180 4428 4432 4438 (1348)
180 4428 4432 4438 4940 (1313)
180 4428 4432 4438 7062 (1331)
180 4428 4432 4438 7092 (1309)
180 4428 4432 4940 (1317)
180 4428 4432 4940 7062 (1300)
180 4428 4432 7062 (1335)
180 4428 4432 7092 (1313)
180 4428 4434 (1345)
180 4428 4434 4438 (1342)
180 4428 4434 4438 4940 (1307)
180 4428 4434 4438 7062 (1325)
180 4428 4434 4438 7092 (1304)
180 4428 4434 4940 (1310)
180 4428 4434 7062 (1328)
180 4428 4434 7092 (1307)
180 4428 4436 (1311)
180 4428 4436 4438 (1308)
180 4428 4438 (1369)
180 4428 4438 4940 (1334)
180 4428 4438 4940 7062 (1316)
180 4428 4438 7062 (1351)
180 4428 4438 7062 7092 (1312)
180 4428 4438 7092 (1330)
180 4428 4940 (1338)
180 4428 4940 7062 (1320)
180 4428 4940 7092 (1301)
180 4428 7062 (1355)
180 4428 7062 7092 (1316)
180 4428 7092 (1334)
180 4430 (1329)
180 4430 4432 (1312)
180 4430 4432 4438 (1308)
180 4430 4434 (1301)
180 4430 4438 (1325)
180 4430 4438 7062 (1307)
180 4430 7062 (1311)
180 4432 (1359)
180 4432 4434 (1333)
180 4432 4434 4438 (1330)
180 4432 4434 4438 7062 (1314)
180 4432 4434 7062 (1317)
180 4432 4438 (1355)
180 4432 4438 4940 (1320)
180 4432 4438 4940 7062 (1303)
180 4432 4438 7062 (1338)
180 4432 4438 7092 (1316)
180 4432 4940 (1324)
180 4432 4940 7062 (1307)
180 4432 7062 (1342)
180 4432 7062 7092 (1303)
180 4432 7092 (1320)
180 4434 (1353)
180 4434 4438 (1350)
180 4434 4438 4940 (1315)
180 4434 4438 7062 (1333)
180 4434 4438 7092 (1312)
180 4434 4940 (1318)
180 4434 4940 7062 (1301)
180 4434 7062 (1336)
180 4434 7092 (1315)
180 4436 (1320)
180 4436 4438 (1317)
180 4436 4438 7062 (1300)
180 4436 7062 (1303)
180 4438 (1378)
180 4438 4940 (1343)
180 4438 4940 7062 (1325)
180 4438 4940 7092 (1306)
180 4438 7062 (1360)
180 4438 7062 7092 (1321)
180 4438 7092 (1339)
180 4940 (1347)
180 4940 7062 (1329)
180 4940 7092 (1310)
180 7062 (1364)
180 7062 7092 (1325)
180 7092 (1343)
180 7112 (1301)
184 (1382)
184 188 (1342)
184 188 4426 (1328)
184 188 4426 4428 (1324)
184 188 4426 4428 4432 (1303)
184 188 4426 4428 4438 (1320)
184 188 4426 4428 4438 7062 (1302)
184 188 4426 4428 7062 (1306)
184 188 4426 4432 (1306)
184 188 4426 4432 4438 (1302)
184 188 4426 4434 (1301)
184 188 4426 4438 (1324)
184 188 4426 4438 7062 (1306)
184 188 4426 7062 (1310)
184 188 4428 (1334)
184 188 4428 4432 (1313)
184 188 4428 4432 4438 (1309)
184 188 4428 4434 (1307)
184 188 4428 4434 4438 (1304)
184 188 4428 4438 (1330)
184 188 4428 4438 7062 (1312)
184 188 4428 4940 (1300)
184 188 4428 7062 (1316)
184 188 4432 (1320)
184 188 4432 4438 (1316)
184 188 4432 7062 (1303)
184 188 4434 (1315)
184 188 4434 4438 (1312)
184 188 4438 (1338)
184 188 4438 4940 (1304)
184 188 4438 7062 (1320)
184 188 4438 7092 (1301)
184 188 4940 (1308)
184 188 7062 (1324)
184 188 7092 (1305)
184 4426 (1367)
184 4426 4428 (1363)
184 4426 4428 4430 (1314)
184 4426 4428 4430 4438 (1310)
184 4426 4428 4432 (1342)
184 4426 4428 4432 4434 (1316)
184 4426 4428 4432 4434 4438 (1313)
184 4426 4428 4432 4434 7062 (1300)
184 4426 4428 4432 4438 (1338)
184 4426 4428 4432 4438 4940 (1303)
184 4426 4428 4432 4438 7062 (1321)
184 4426 4428 4432 4940 (1307)
184 4426 4428 4432 7062 (1325)
184 4426 4428 4432 7092 (1303)
184 4426 4428 4434 (1335)
184 4426 4428 4434 4438 (1332)
184 4426 4428 4434 4438 7062 (1315)
184 4426 4428 4434 4940 (1300)
184 4426 4428 4434 7062 (1318)
184 4426 4428 4436 (1301)
184 4426 4428 4438 (1359)
184 4426 4428 4438 4940 (1324)
184 4426 4428 4438 4940 7062 (1306)
184 4426 4428 4438 7062 (1341)
184 4426 4428 4438 7062 7092 (1302)
184 4426 4428 4438 7092 (1320)
184 4426 4428 4940 (1328)
184 4426 4428 4940 7062 (1310)
184 4426 4428 7062 (1345)
184 4426 4428 7062 7092 (1306)
184 4426 4428 7092 (1324)
184 4426 4430 (1317)
184 4426 4430 4432 (1300)
184 4426 4430 4438 (1313)
184 4426 4432 (1345)
184 4426 4432 4434 (1319)
184 4426 4432 4434 4438 (1316)
184 4426 4432 4434 4438 7062 (1300)
184 4426 4432 4434 7062 (1303)
184 4426 4432 4438 (1341)
184 4426 4432 4438 4940 (1306)
184 4426 4432 4438 7062 (1324)
184 4426 4432 4438 7092 (1302)
184 4426 4432 4940 (1310)
184 4426 4432 7062 (1328)
184 4426 4432 7092 (1306)
184 4426 4434 (1339)
184 4426 4434 4438 (1336)
184 4426 4434 4438 4940 (1301)
184 4426 4434 4438 7062 (1319)
184 4426 4434 4940 (1304)
184 4426 4434 7062 (1322)
184 4426 4434 7092 (1301)
184 4426 4436 (1305)
184 4426 4436 4438 (1302)
184 4426 4438 (1363)
184 4426 4438 4940 (1328)
184 4426 4438 4940 7062 (1310)
184 4426 4438 7062 (1345)
184 4426 4438 7062 7092 (1306)
184 4426 4438 7092 (1324)
184 4426 4940 (1332)
184 4426 4940 7062 (1314)
184 4426 7062 (1349)
184 4426 7062 7092 (1310)
184 4426 7092 (1328)
184 4428 (1373)
184 4428 4430 (1324)
184 4428 4430 4432 (1307)
184 4428 4430 4432 4438 (1303)
184 4428 4430 4438 (1320)
184 4428 4430 4438 7062 (1302)
184 4428 4430 7062 (1306)
184 4428 4432 (1352)
184 4428 4432 4434 (1326)
184 4428 4432 4434 4438 (1323)
184 4428 4432 4434 4438 7062 (1307)
184 4428 4432 4434 7062 (1310)
184 4428 4432 4438 (1348)
184 4428 4432 4438 4940 (1313)
184 4428 4432 4438 7062 (1331)
184 4428 4432 4438 7092 (1309)
184 4428 4432 4940 (1317)
184 4428 4432 4940 7062 (1300)
184 4428 4432 7062 (1335)
184 4428 4432 7092 (1313)
184 4428 4434 (1345)
184 4428 4434 4438 (1342)
184 4428 4434 4438 4940 (1307)
184 4428 4434 4438 7062 (1325)
184 4428 4434 4438 7092 (1304)
184 4428 4434 4940 (1310)
184 4428 4434 7062 (1328)
184 4428 4434 7092 (1307)
184 4428 4436 (1311)
184 4428 4436 4438 (1308)
184 4428 4438 (1369)
184 4428 4438 4940 (1334)
184 4428 4438 4940 7062 (1316)
184 4428 4438 7062 (1351)
184 4428 4438 7062 7092 (1312)
184 4428 4438 7092 (1330)
184 4428 4940 (1338)
184 4428 4940 7062 (1320)
184 4428 4940 7092 (1301)
184 4428 7062 (1355)
184 4428 7062 7092 (1316)
184 4428 7092 (1334)
184 4430 (1329)
184 4430 4432 (1312)
184 4430 4432 4438 (1308)
184 4430 4434 (1301)
184 4430 4438 (1325)
184 4430 4438 7062 (1307)
184 4430 7062 (1311)
184 4432 (1359)
184 4432 4434 (1333)
184 4432 4434 4438 (1330)
184 4432 4434 4438 7062 (1314)
184 4432 4434 7062 (1317)
184 4432 4438 (1355)
184 4432 4438 4940 (1320)
184 4432 4438 4940 7062 (1303)
184 4432 4438 7062 (1338)
184 4432 4438 7092 (1316)
184 4432 4940 (1324)
184 4432 4940 7062 (1307)
184 4432 7062 (1342)
184 4432 7062 7092 (1303)
184 4432 7092 (1320)
184 4434 (1353)
184 4434 4438 (1350)
184 4434 4438 4940 (1315)
184 4434 4438 7062 (1333)
184 4434 4438 7092 (1312)
184 4434 4940 (1318)
184 4434 4940 7062 (1301)
184 4434 7062 (1336)
184 4434 7092 (1315)
184 4436 (1320)
184 4436 4438 (1317)
184 4436 4438 7062 (1300)
184 4436 7062 (1303)
184 4438 (1378)
184 4438 4940 (1343)
184 4438 4940 7062 (1325)
184 4438 4940 7092 (1306)
184 4438 7062 (1360)
184 4438 7062 7092 (1321)
184 4438 7092 (1339)
184 4940 (1347)
184 4940 7062 (1329)
184 4940 7092 (1310)
184 7062 (1364)
184 7062 7092 (1325)
184 7092 (1343)
184 7112 (1301)
188 (1357)
188 4426 (1343)
188 4426 4428 (1339)
188 4426 4428 4432 (1318)
188 4426 4428 4432 4438 (1314)
188 4426 4428 4432 7062 (1301)
188 4426 4428 4434 (1312)
188 4426 4428 4434 4438 (1309)
188 4426 4428 4438 (1335)
188 4426 4428 4438 4940 (1301)
188 4426 4428 4438 7062 (1317)
188 4426 4428 4940 (1305)
188 4426 4428 7062 (1321)
188 4426 4432 (1321)
188 4426 4432 4438 (1317)
188 4426 4432 4438 7062 (1300)
188 4426 4432 7062 (1304)
188 4426 4434 (1316)
188 4426 4434 4438 (1313)
188 4426 4438 (1339)
188 4426 4438 4940 (1305)
188 4426 4438 7062 (1321)
188 4426 4940 (1309)
188 4426 7062 (1325)
188 4426 7092 (1303)
188 4428 (1349)
188 4428 4430 (1300)
188 4428 4432 (1328)
188 4428 4432 4434 (1303)
188 4428 4432 4434 4438 (1300)
188 4428 4432 4438 (1324)
188 4428 4432 4438 7062 (1307)
188 4428 4432 7062 (1311)
188 4428 4434 (1322)
188 4428 4434 4438 (1319)
188 4428 4434 4438 7062 (1302)
188 4428 4434 7062 (1305)
188 4428 4438 (1345)
188 4428 4438 4940 (1311)
188 4428 4438 7062 (1327)
188 4428 4438 7092 (1305)
188 4428 4940 (1315)
188 4428 7062 (1331)
188 4428 7092 (1309)
188 4430 (1305)
188 4430 4438 (1301)
188 4432 (1335)
188 4432 4434 (1310)
188 4432 4434 4438 (1307)
188 4432 4438 (1331)
188 4432 4438 7062 (1314)
188 4432 4940 (1301)
188 4432 7062 (1318)
188 4434 (1330)
188 4434 4438 (1327)
188 4434 4438 7062 (1310)
188 4434 7062 (1313)
188 4438 (1353)
188 4438 4940 (1319)
188 4438 4940 7062 (1301)
188 4438 7062 (1335)
188 4438 7092 (1313)
188 4940 (1323)
188 4940 7062 (1305)
188 7062 (1339)
188 7092 (1317)
3404 (1305)
3404 4404 (1305)
3404 4404 4438 (1301)
3404 4438 (1301)
4404 (1305)
4404 4438 (1301)
4426 (1383)
4426 4428 (1379)
4426 4428 4430 (1330)
4426 4428 4430 4432 (1313)
4426 4428 4430 4432 4438 (1309)
4426 4428 4430 4434 (1302)
4426 4428 4430 4438 (1326)
4426 4428 4430 4438 7062 (1308)
4426 4428 4430 7062 (1312)
4426 4428 4432 (1358)
4426 4428 4432 4434 (1332)
4426 4428 4432 4434 4438 (1329)
4426 4428 4432 4434 4438 7062 (1313)
4426 4428 4432 4434 7062 (1316)
4426 4428 4432 4438 (1354)
4426 4428 4432 4438 4940 (1319)
4426 4428 4432 4438 4940 7062 (1302)
4426 4428 4432 4438 7062 (1337)
4426 4428 4432 4438 7092 (1312)
4426 4428 4432 4940 (1323)
4426 4428 4432 4940 7062 (1306)
4426 4428 4432 7062 (1341)
4426 4428 4432 7092 (1316)
4426 4428 4434 (1351)
4426 4428 4434 4438 (1348)
4426 4428 4434 4438 4940 (1313)
4426 4428 4434 4438 7062 (1331)
4426 4428 4434 4438 7092 (1307)
4426 4428 4434 4940 (1316)
4426 4428 4434 7062 (1334)
4426 4428 4434 7092 (1310)
4426 4428 4436 (1317)
4426 4428 4436 4438 (1314)
4426 4428 4436 7062 (1300)
4426 4428 4438 (1375)
4426 4428 4438 4940 (1340)
4426 4428 4438 4940 7062 (1322)
4426 4428 4438 4940 7092 (1300)
4426 4428 4438 7062 (1357)
4426 4428 4438 7062 7092 (1315)
4426 4428 4438 7092 (1333)
4426 4428 4940 (1344)
4426 4428 4940 7062 (1326)
4426 4428 4940 7092 (1304)
4426 4428 7062 (1361)
4426 4428 7062 7092 (1319)
4426 4428 7092 (1337)
4426 4428 7112 (1300)
4426 4430 (1333)
4426 4430 4432 (1316)
4426 4430 4432 4438 (1312)
4426 4430 4434 (1305)
4426 4430 4434 4438 (1302)
4426 4430 4438 (1329)
4426 4430 4438 7062 (1311)
4426 4430 7062 (1315)
4426 4432 (1361)
4426 4432 4434 (1335)
4426 4432 4434 4438 (1332)
4426 4432 4434 4438 7062 (1316)
4426 4432 4434 4940 (1300)
4426 4432 4434 7062 (1319)
4426 4432 4436 (1300)
4426 4432 4438 (1357)
4426 4432 4438 4940 (1322)
4426 4432 4438 4940 7062 (1305)
4426 4432 4438 7062 (1340)
4426 4432 4438 7092 (1315)
4426 4432 4940 (1326)
4426 4432 4940 7062 (1309)
4426 4432 7062 (1344)
4426 4432 7062 7092 (1302)
4426 4432 7092 (1319)
4426 4434 (1355)
4426 4434 4438 (1352)
4426 4434 4438 4940 (1317)
4426 4434 4438 4940 7062 (1300)
4426 4434 4438 7062 (1335)
4426 4434 4438 7092 (1311)
4426 4434 4940 (1320)
4426 4434 4940 7062 (1303)
4426 4434 7062 (1338)
4426 4434 7092 (1314)
4426 4436 (1321)
4426 4436 4438 (1318)
4426 4436 4438 7062 (1301)
4426 4436 7062 (1304)
4426 4438 (1379)
4426 4438 4940 (1344)
4426 4438 4940 7062 (1326)
4426 4438 4940 7092 (1304)
4426 4438 7062 (1361)
4426 4438 7062 7092 (1319)
4426 4438 7092 (1337)
4426 4438 7112 (1300)
4426 4940 (1348)
4426 4940 7062 (1330)
4426 4940 7092 (1308)
4426 7062 (1365)
4426 7062 7092 (1323)
4426 7092 (1341)
4426 7112 (1304)
4428 (1389)
4428 4430 (1340)
4428 4430 4432 (1323)
4428 4430 4432 4438 (1319)
4428 4430 4432 4438 7062 (1302)
4428 4430 4432 7062 (1306)
4428 4430 4434 (1312)
4428 4430 4434 4438 (1309)
4428 4430 4438 (1336)
4428 4430 4438 4940 (1302)
4428 4430 4438 7062 (1318)
4428 4430 4940 (1306)
4428 4430 7062 (1322)
4428 4432 (1368)
4428 4432 4434 (1342)
4428 4432 4434 4438 (1339)
4428 4432 4434 4438 4940 (1304)
4428 4432 4434 4438 7062 (1323)
4428 4432 4434 4940 (1307)
4428 4432 4434 7062 (1326)
4428 4432 4434 7092 (1301)
4428 4432 4436 (1307)
4428 4432 4436 4438 (1304)
4428 4432 4438 (1364)
4428 4432 4438 4940 (1329)
4428 4432 4438 4940 7062 (1312)
4428 4432 4438 7062 (1347)
4428 4432 4438 7062 7092 (1305)
4428 4432 4438 7092 (1322)
4428 4432 4940 (1333)
4428 4432 4940 7062 (1316)
4428 4432 7062 (1351)
4428 4432 7062 7092 (1309)
4428 4432 7092 (1326)
4428 4434 (1361)
4428 4434 4436 (1305)
4428 4434 4436 4438 (1302)
4428 4434 4438 (1358)
4428 4434 4438 4940 (1323)
4428 4434 4438 4940 7062 (1306)
4428 4434 4438 7062 (1341)
4428 4434 4438 7062 7092 (1300)
4428 4434 4438 7092 (1317)
4428 4434 4940 (1326)
4428 4434 4940 7062 (1309)
4428 4434 7062 (1344)
4428 4434 7062 7092 (1303)
4428 4434 7092 (1320)
4428 4436 (1327)
4428 4436 4438 (1324)
4428 4436 4438 7062 (1307)
4428 4436 7062 (1310)
4428 4438 (1385)
4428 4438 4940 (1350)
4428 4438 4940 7062 (1332)
4428 4438 4940 7092 (1310)
4428 4438 7062 (1367)
4428 4438 7062 7092 (1325)
4428 4438 7092 (1343)
4428 4438 7102 (1304)
4428 4438 7112 (1305)
4428 4940 (1354)
4428 4940 7062 (1336)
4428 4940 7092 (1314)
4428 7062 (1371)
4428 7062 7092 (1329)
4428 7092 (1347)
4428 7102 (1305)
4428 7112 (1309)
4430 (1345)
4430 4432 (1328)
4430 4432 4434 (1302)
4430 4432 4438 (1324)
4430 4432 4438 7062 (1307)
4430 4432 7062 (1311)
4430 4434 (1317)
4430 4434 4438 (1314)
4430 4434 7062 (1300)
4430 4438 (1341)
4430 4438 4940 (1307)
4430 4438 7062 (1323)
4430 4940 (1311)
4430 7062 (1327)
4430 7092 (1303)
4432 (1375)
4432 4434 (1349)
4432 4434 4438 (1346)
4432 4434 4438 4940 (1311)
4432 4434 4438 7062 (1330)
4432 4434 4438 7092 (1305)
4432 4434 4940 (1314)
4432 4434 7062 (1333)
4432 4434 7092 (1308)
4432 4436 (1314)
4432 4436 4438 (1311)
4432 4438 (1371)
4432 4438 4940 (1336)
4432 4438 4940 7062 (1319)
4432 4438 7062 (1354)
4432 4438 7062 7092 (1312)
4432 4438 7092 (1329)
4432 4940 (1340)
4432 4940 7062 (1323)
4432 4940 7092 (1300)
4432 7062 (1358)
4432 7062 7092 (1316)
4432 7092 (1333)
4434 (1369)
4434 4436 (1313)
4434 4436 4438 (1310)
4434 4438 (1366)
4434 4438 4940 (1331)
4434 4438 4940 7062 (1314)
4434 4438 7062 (1349)
4434 4438 7062 7092 (1308)
4434 4438 7092 (1325)
4434 4940 (1334)
4434 4940 7062 (1317)
4434 7062 (1352)
4434 7062 7092 (1311)
4434 7092 (1328)
4436 (1336)
4436 4438 (1333)
4436 4438 7062 (1316)
4436 4940 (1301)
4436 7062 (1319)
4438 (1394)
4438 4940 (1359)
4438 4940 7062 (1341)
4438 4940 7062 7092 (1301)
4438 4940 7092 (1319)
4438 7062 (1376)
4438 7062 7092 (1334)
4438 7092 (1352)
4438 7102 (1310)
4438 7112 (1313)
4940 (1363)
4940 7062 (1345)
4940 7062 7092 (1305)
4940 7092 (1323)
7062 (1380)
7062 7092 (1338)
7092 (1356)
7102 (1311)
7112 (1317)
